M01498:848:000000000-K2NBK:1:1101:11119:8683;size=160	OTU_716	97.9	142	3	0	1	142	1	142	-1	0
M01498:848:000000000-K2NBK:1:1102:22722:9120;size=103	OTU_8	100.0	142	0	0	1	142	1	142	-1	0
M01498:848:000000000-K2NBK:1:1101:18458:10947;size=74	OTU_18	99.3	142	1	0	1	142	1	142	-1	0
M01498:848:000000000-K2NBK:1:1102:5033:18767;size=41	OTU_320	97.9	142	3	0	1	142	1	142	-1	0
M01498:848:000000000-K2NBK:1:1101:22214:12227;size=61	OTU_27	100.0	142	0	0	1	142	1	142	-1	0
M01498:848:000000000-K2NBK:1:1101:16722:10249;size=137	OTU_18	100.0	142	0	0	1	142	1	142	-1	0
M01498:848:000000000-K2NBK:1:1101:20992:26832;size=40	OTU_34	100.0	142	0	0	1	142	1	142	-1	0
M01498:848:000000000-K2NBK:1:1101:10640:8690;size=40	OTU_54	100.0	142	0	0	1	142	1	142	-1	0
M01498:848:000000000-K2NBK:1:1101:18909:7551;size=73	OTU_1	100.0	142	0	0	1	142	1	142	-1	0
M01498:848:000000000-K2NBK:1:1101:14096:14604;size=31	OTU_2	100.0	142	0	0	1	142	1	142	-1	0
M01498:848:000000000-K2NBK:1:1101:12494:15642;size=28	OTU_465	97.2	142	4	0	1	142	1	142	-1	0
M01498:848:000000000-K2NBK:1:1101:19966:16980;size=21	OTU_31	100.0	142	0	0	1	142	1	142	-1	0
M01498:848:000000000-K2NBK:1:1103:19605:9684;size=18	OTU_130	100.0	142	0	0	1	142	1	142	-1	0
M01498:848:000000000-K2NBK:1:1103:17245:27458;size=17	OTU_28	100.0	142	0	0	1	142	1	142	-1	0
M01498:848:000000000-K2NBK:1:1103:18136:21506;size=17	OTU_107	100.0	142	0	0	1	142	1	142	-1	0
M01498:848:000000000-K2NBK:1:1101:16025:19545;size=18	OTU_7	100.0	142	0	0	1	142	1	142	-1	0
M01498:848:000000000-K2NBK:1:1101:17227:19443;size=16	OTU_145	99.3	142	1	0	1	142	1	142	-1	0
M01498:848:000000000-K2NBK:1:1102:21076:27462;size=22	OTU_19	100.0	142	0	0	1	142	1	142	-1	0
M01498:848:000000000-K2NBK:1:1102:8254:18156;size=15	OTU_381	97.9	142	3	0	1	142	1	142	-1	0
M01498:848:000000000-K2NBK:1:1101:16518:11573;size=13	OTU_63	100.0	142	0	0	1	142	1	142	-1	0
M01498:848:000000000-K2NBK:1:1101:2876:10123;size=14	OTU_59	99.3	142	1	0	1	142	1	142	-1	0
M01498:848:000000000-K2NBK:1:1101:20203:20885;size=13	OTU_38	100.0	142	0	0	1	142	1	142	-1	0
M01498:848:000000000-K2NBK:1:1101:5392:19158;size=19	OTU_31	98.6	142	2	0	1	142	1	142	-1	0
M01498:848:000000000-K2NBK:1:1104:23411:24650;size=10	OTU_2	100.0	141	0	0	1	141	1	142	-1	0
M01498:848:000000000-K2NBK:1:1101:2494:18175;size=11	OTU_2	100.0	140	0	0	1	140	1	142	-1	0
M01498:848:000000000-K2NBK:1:1101:9160:14271;size=13	OTU_150	100.0	142	0	0	1	142	1	142	-1	0
M01498:848:000000000-K2NBK:1:1109:6339:20116;size=12	OTU_378	97.9	142	3	0	1	142	1	142	-1	0
M01498:848:000000000-K2NBK:1:1102:8116:15514;size=12	OTU_43	100.0	142	0	0	1	142	1	142	-1	0
M01498:848:000000000-K2NBK:1:1103:2285:15212;size=10	OTU_915	98.6	142	2	0	1	142	1	142	-1	0
M01498:848:000000000-K2NBK:1:1103:22940:25445;size=12	OTU_85	100.0	142	0	0	1	142	1	142	-1	0
M01498:848:000000000-K2NBK:1:1101:15601:4930;size=9	OTU_60	100.0	142	0	0	1	142	1	142	-1	0
M01498:848:000000000-K2NBK:1:1105:5516:8550;size=10	OTU_15	100.0	142	0	0	1	142	1	142	-1	0
M01498:848:000000000-K2NBK:1:1104:16971:6286;size=11	OTU_31	99.3	142	1	0	1	142	1	142	-1	0
M01498:848:000000000-K2NBK:1:1109:20468:26109;size=10	OTU_76	100.0	142	0	0	1	142	1	142	-1	0
M01498:848:000000000-K2NBK:1:1103:16056:18690;size=9	OTU_156	100.0	142	0	0	1	142	1	142	-1	0
M01498:848:000000000-K2NBK:1:1105:9535:8425;size=9	OTU_172	97.2	142	4	0	1	142	1	142	-1	0
M01498:848:000000000-K2NBK:1:1103:11878:23296;size=8	OTU_145	98.6	142	2	0	1	142	1	142	-1	0
M01498:848:000000000-K2NBK:1:1111:27627:18264;size=8	OTU_13	100.0	142	0	0	1	142	1	142	-1	0
M01498:848:000000000-K2NBK:1:2108:9887:5577;size=8	OTU_716	97.2	142	4	0	1	142	1	142	-1	0
M01498:848:000000000-K2NBK:1:1102:24787:12769;size=8	OTU_113	100.0	142	0	0	1	142	1	142	-1	0
M01498:848:000000000-K2NBK:1:1103:27763:13384;size=7	OTU_200	100.0	142	0	0	1	142	1	142	-1	0
M01498:848:000000000-K2NBK:1:1102:18222:18457;size=6	OTU_18	99.3	142	1	0	1	142	1	142	-1	0
M01498:848:000000000-K2NBK:1:1103:11186:5362;size=6	OTU_107	100.0	141	0	0	1	141	1	142	-1	0
M01498:848:000000000-K2NBK:1:1102:3842:20024;size=6	OTU_18	100.0	140	0	0	1	140	1	142	-1	0
M01498:848:000000000-K2NBK:1:1104:17321:22635;size=6	OTU_10	99.3	141	1	0	1	141	1	142	-1	0
M01498:848:000000000-K2NBK:1:1101:21790:7154;size=6	OTU_10	99.3	142	1	0	1	142	1	142	-1	0
M01498:848:000000000-K2NBK:1:1103:6046:17204;size=5	OTU_59	100.0	142	0	0	1	142	1	142	-1	0
M01498:848:000000000-K2NBK:1:1107:16913:9135;size=6	OTU_17	100.0	142	0	0	1	142	1	142	-1	0
M01498:848:000000000-K2NBK:1:1108:21043:15638;size=6	OTU_14	99.3	140	1	0	1	142	1	140	-1	0
M01498:848:000000000-K2NBK:1:1103:12187:26106;size=5	OTU_107	100.0	140	0	0	1	140	1	142	-1	0
M01498:848:000000000-K2NBK:1:1107:17192:16553;size=6	OTU_14	99.3	140	1	0	1	141	1	140	-1	0
M01498:848:000000000-K2NBK:1:2101:23604:25651;size=6	OTU_130	99.3	142	1	0	1	142	1	142	-1	0
M01498:848:000000000-K2NBK:1:1105:19740:23741;size=5	OTU_9	100.0	142	0	0	1	142	1	142	-1	0
M01498:848:000000000-K2NBK:1:1104:21295:15163;size=5	OTU_16	100.0	140	0	0	1	140	1	142	-1	0
M01498:848:000000000-K2NBK:1:1112:11663:11649;size=6	OTU_16	100.0	141	0	0	1	141	1	142	-1	0
M01498:848:000000000-K2NBK:1:1105:13834:18164;size=5	OTU_47	100.0	142	0	0	1	142	1	142	-1	0
M01498:848:000000000-K2NBK:1:1108:9521:6045;size=5	OTU_16	100.0	142	0	0	1	142	1	142	-1	0
M01498:848:000000000-K2NBK:1:1109:23464:22717;size=5	OTU_110	100.0	142	0	0	1	142	1	142	-1	0
M01498:848:000000000-K2NBK:1:1112:25915:23555;size=5	OTU_206	100.0	142	0	0	1	142	1	142	-1	0
M01498:848:000000000-K2NBK:1:1102:13470:17852;size=4	OTU_4	100.0	142	0	0	1	142	1	142	-1	0
M01498:848:000000000-K2NBK:1:1112:9223:20923;size=5	OTU_172	97.9	142	3	0	1	142	1	142	-1	0
M01498:848:000000000-K2NBK:1:1101:24129:19635;size=4	OTU_188	100.0	142	0	0	1	142	1	142	-1	0
M01498:848:000000000-K2NBK:1:1104:24120:9192;size=4	OTU_54	100.0	141	0	0	1	141	1	142	-1	0
M01498:848:000000000-K2NBK:1:1105:5419:13494;size=4	OTU_71	100.0	140	0	0	1	140	1	142	-1	0
M01498:848:000000000-K2NBK:1:1105:10151:14681;size=4	OTU_27	99.3	142	1	0	1	142	1	142	-1	0
M01498:848:000000000-K2NBK:1:1109:15259:5459;size=4	OTU_202	100.0	142	0	0	1	142	1	142	-1	0
M01498:848:000000000-K2NBK:1:1102:18531:12487;size=4	OTU_22	100.0	142	0	0	1	142	1	142	-1	0
M01498:848:000000000-K2NBK:1:1109:21006:7225;size=5	OTU_89	100.0	142	0	0	1	142	1	142	-1	0
M01498:848:000000000-K2NBK:1:1111:19286:5235;size=4	OTU_230	99.3	142	1	0	1	142	1	142	-1	0
M01498:848:000000000-K2NBK:1:1109:17805:23978;size=4	OTU_61	100.0	142	0	0	1	142	1	142	-1	0
M01498:848:000000000-K2NBK:1:2101:18928:15201;size=4	OTU_38	99.3	142	1	0	1	142	1	142	-1	0
M01498:848:000000000-K2NBK:1:2101:16090:16511;size=4	OTU_18	98.6	142	2	0	1	142	1	142	-1	0
M01498:848:000000000-K2NBK:1:2102:14618:18216;size=4	OTU_3	99.3	142	1	0	1	142	1	142	-1	0
M01498:848:000000000-K2NBK:1:2102:11462:2992;size=4	OTU_250	100.0	142	0	0	1	142	1	142	-1	0
M01498:848:000000000-K2NBK:1:1101:3806:12257;size=3	OTU_602	97.9	142	3	0	1	142	1	142	-1	0
M01498:848:000000000-K2NBK:1:1102:21314:15553;size=3	OTU_255	100.0	142	0	0	1	142	1	142	-1	0
M01498:848:000000000-K2NBK:1:1101:19495:18826;size=3	OTU_209	100.0	142	0	0	1	142	1	142	-1	0
M01498:848:000000000-K2NBK:1:1102:7171:18904;size=3	OTU_27	100.0	140	0	0	1	140	1	142	-1	0
M01498:848:000000000-K2NBK:1:1101:7996:18498;size=3	OTU_716	97.2	142	4	0	1	142	1	142	-1	0
M01498:848:000000000-K2NBK:1:1102:12785:6891;size=3	OTU_18	99.3	142	1	0	1	142	1	142	-1	0
M01498:848:000000000-K2NBK:1:1103:9565:15123;size=3	OTU_18	99.3	140	1	0	1	140	1	142	-1	0
M01498:848:000000000-K2NBK:1:1103:22916:9884;size=3	OTU_38	99.3	142	1	0	1	142	1	142	-1	0
M01498:848:000000000-K2NBK:1:1104:10793:13394;size=3	OTU_150	99.3	142	1	0	1	142	1	142	-1	0
M01498:848:000000000-K2NBK:1:1104:18452:17039;size=3	OTU_71	100.0	142	0	0	1	142	1	142	-1	0
M01498:848:000000000-K2NBK:1:1109:12665:16568;size=3	OTU_882	97.2	142	4	0	1	142	1	142	-1	0
M01498:848:000000000-K2NBK:1:1104:9133:19984;size=3	OTU_5	99.3	142	1	0	1	142	1	142	-1	0
M01498:848:000000000-K2NBK:1:1110:14747:17407;size=3	OTU_56	99.3	142	1	0	1	142	1	142	-1	0
M01498:848:000000000-K2NBK:1:1107:22980:23692;size=3	OTU_915	98.6	141	2	0	1	141	1	142	-1	0
M01498:848:000000000-K2NBK:1:1112:21041:16779;size=3	OTU_716	97.9	141	3	0	1	141	1	142	-1	0
M01498:848:000000000-K2NBK:1:1112:17489:17441;size=3	OTU_111	100.0	142	0	0	1	142	1	142	-1	0
M01498:848:000000000-K2NBK:1:1113:19415:8602;size=3	OTU_153	100.0	142	0	0	1	142	1	142	-1	0
M01498:848:000000000-K2NBK:1:1108:23259:20237;size=3	OTU_10	100.0	142	0	0	1	142	1	142	-1	0
M01498:848:000000000-K2NBK:1:1101:18538:15762;size=2	OTU_253	100.0	142	0	0	1	142	1	142	-1	0
M01498:848:000000000-K2NBK:1:2101:11832:28420;size=3	OTU_31	99.3	142	1	0	1	142	1	142	-1	0
M01498:848:000000000-K2NBK:1:1114:16708:23288;size=3	OTU_56	98.6	142	2	0	1	142	1	142	-1	0
M01498:848:000000000-K2NBK:1:2101:4996:8631;size=3	OTU_163	100.0	142	0	0	1	142	1	142	-1	0
M01498:848:000000000-K2NBK:1:1101:15637:17629;size=2	OTU_1310	97.9	142	3	0	1	142	1	142	-1	0
M01498:848:000000000-K2NBK:1:2112:6402:15330;size=3	OTU_61	99.3	142	1	0	1	142	1	142	-1	0
M01498:848:000000000-K2NBK:1:2102:9219:4341;size=3	OTU_34	99.3	142	1	0	1	142	1	142	-1	0
M01498:848:000000000-K2NBK:1:1102:13001:22692;size=2	OTU_45	100.0	142	0	0	1	142	1	142	-1	0
M01498:848:000000000-K2NBK:1:1101:18573:25746;size=2	OTU_270	100.0	142	0	0	1	142	1	142	-1	0
M01498:848:000000000-K2NBK:1:1104:21610:15507;size=2	OTU_716	97.2	142	4	0	1	142	1	142	-1	0
M01498:848:000000000-K2NBK:1:1104:22075:13333;size=2	OTU_716	97.2	142	4	0	1	142	1	142	-1	0
M01498:848:000000000-K2NBK:1:1104:16607:17771;size=2	OTU_8	99.3	142	1	0	1	142	1	142	-1	0
M01498:848:000000000-K2NBK:1:1102:17201:11881;size=2	OTU_38	99.3	142	1	0	1	142	1	142	-1	0
M01498:848:000000000-K2NBK:1:1105:11316:14321;size=2	OTU_110	99.3	142	1	0	1	142	1	142	-1	0
M01498:848:000000000-K2NBK:1:1105:15366:24241;size=2	OTU_156	99.3	142	1	0	1	142	1	142	-1	0
M01498:848:000000000-K2NBK:1:1104:8611:16115;size=2	OTU_18	99.3	142	1	0	1	142	1	142	-1	0
M01498:848:000000000-K2NBK:1:1105:12584:7141;size=2	OTU_266	100.0	142	0	0	1	142	1	142	-1	0
M01498:848:000000000-K2NBK:1:1104:25388:16967;size=2	OTU_191	100.0	142	0	0	1	142	1	142	-1	0
M01498:848:000000000-K2NBK:1:1105:13727:6717;size=2	OTU_1	99.3	142	1	0	1	142	1	142	-1	0
M01498:848:000000000-K2NBK:1:1105:11760:23575;size=2	OTU_31	98.6	142	2	0	1	143	1	142	-1	0
M01498:848:000000000-K2NBK:1:1105:16623:25029;size=2	OTU_18	99.3	142	0	1	1	141	1	142	-1	0
M01498:848:000000000-K2NBK:1:1105:27540:22672;size=2	OTU_8	99.3	142	1	0	1	142	1	142	-1	0
M01498:848:000000000-K2NBK:1:1105:7830:12746;size=2	OTU_71	100.0	141	0	0	1	141	1	142	-1	0
M01498:848:000000000-K2NBK:1:1105:7814:13472;size=2	OTU_394	97.2	141	4	0	1	141	1	142	-1	0
M01498:848:000000000-K2NBK:1:1107:12525:21781;size=2	OTU_8	99.3	142	1	0	1	142	1	142	-1	0
M01498:848:000000000-K2NBK:1:1106:22772:10175;size=2	OTU_197	100.0	141	0	0	1	141	1	142	-1	0
M01498:848:000000000-K2NBK:1:1107:15167:8701;size=2	OTU_8	99.3	142	1	0	1	142	1	142	-1	0
M01498:848:000000000-K2NBK:1:1107:12655:3528;size=2	OTU_18	98.6	142	2	0	1	142	1	142	-1	0
M01498:848:000000000-K2NBK:1:1107:6024:16511;size=2	OTU_1	99.3	142	1	0	1	142	1	142	-1	0
M01498:848:000000000-K2NBK:1:1108:13187:2331;size=2	OTU_73	100.0	142	0	0	1	142	1	142	-1	0
M01498:848:000000000-K2NBK:1:1109:16858:16446;size=2	OTU_8	100.0	141	0	0	1	141	1	142	-1	0
M01498:848:000000000-K2NBK:1:1108:8327:8931;size=2	OTU_60	99.3	142	1	0	1	142	1	142	-1	0
M01498:848:000000000-K2NBK:1:1109:20554:3557;size=2	OTU_18	99.3	142	1	0	1	142	1	142	-1	0
M01498:848:000000000-K2NBK:1:1110:27463:14496;size=2	OTU_8	99.3	142	1	0	1	142	1	142	-1	0
M01498:848:000000000-K2NBK:1:1111:9967:12980;size=2	OTU_8	100.0	141	0	0	1	141	1	142	-1	0
M01498:848:000000000-K2NBK:1:1109:25931:12935;size=2	OTU_394	97.2	142	4	0	1	142	1	142	-1	0
M01498:848:000000000-K2NBK:1:1110:27869:21092;size=2	OTU_28	98.6	142	2	0	1	142	1	142	-1	0
M01498:848:000000000-K2NBK:1:1110:19998:28073;size=2	OTU_24	97.2	142	4	0	1	142	1	142	-1	0
M01498:848:000000000-K2NBK:1:1111:16618:14680;size=2	OTU_107	99.3	141	1	0	1	141	1	142	-1	0
M01498:848:000000000-K2NBK:1:1110:23842:10465;size=2	OTU_284	100.0	140	0	0	1	140	1	142	-1	0
M01498:848:000000000-K2NBK:1:1112:11651:10325;size=2	OTU_8	99.3	142	1	0	1	142	1	142	-1	0
M01498:848:000000000-K2NBK:1:1109:4509:8705;size=2	OTU_27	99.3	142	1	0	1	142	1	142	-1	0
M01498:848:000000000-K2NBK:1:1110:6085:23612;size=2	OTU_65	100.0	142	0	0	1	142	1	142	-1	0
M01498:848:000000000-K2NBK:1:1112:15199:18238;size=2	OTU_14	99.3	140	1	0	1	140	1	140	-1	0
M01498:848:000000000-K2NBK:1:1112:21540:19451;size=2	OTU_294	100.0	142	0	0	1	142	1	142	-1	0
M01498:848:000000000-K2NBK:1:1113:16313:16522;size=2	OTU_261	100.0	142	0	0	1	142	1	142	-1	0
M01498:848:000000000-K2NBK:1:1113:13917:9691;size=2	OTU_270	100.0	141	0	0	1	141	1	142	-1	0
M01498:848:000000000-K2NBK:1:1113:19618:12929;size=2	OTU_50	99.3	142	1	0	1	142	1	142	-1	0
M01498:848:000000000-K2NBK:1:1113:6111:13680;size=2	OTU_18	98.6	142	2	0	1	142	1	142	-1	0
M01498:848:000000000-K2NBK:1:1113:8151:17219;size=2	OTU_716	97.2	142	4	0	1	142	1	142	-1	0
M01498:848:000000000-K2NBK:1:1113:21906:15425;size=2	OTU_209	99.3	142	1	0	1	142	1	142	-1	0
M01498:848:000000000-K2NBK:1:1114:2729:19244;size=2	OTU_38	99.3	142	1	0	1	142	1	142	-1	0
M01498:848:000000000-K2NBK:1:1114:10766:24091;size=2	OTU_469	100.0	142	0	0	1	142	1	142	-1	0
M01498:848:000000000-K2NBK:1:2101:11076:26338;size=2	OTU_378	97.2	142	4	0	1	142	1	142	-1	0
M01498:848:000000000-K2NBK:1:2101:15236:17245;size=2	OTU_54	99.3	142	1	0	1	142	1	142	-1	0
M01498:848:000000000-K2NBK:1:2101:7705:4447;size=2	OTU_3	98.6	142	2	0	1	142	1	142	-1	0
M01498:848:000000000-K2NBK:1:2101:9563:25582;size=2	OTU_31	99.3	142	1	0	1	142	1	142	-1	0
M01498:848:000000000-K2NBK:1:2102:10064:2921;size=2	OTU_8	99.3	142	1	0	1	142	1	142	-1	0
M01498:848:000000000-K2NBK:1:2102:20502:5745;size=2	OTU_1	99.3	142	1	0	1	142	1	142	-1	0
M01498:848:000000000-K2NBK:1:2102:6385:24328;size=2	OTU_450	100.0	140	0	0	1	140	1	142	-1	0
M01498:848:000000000-K2NBK:1:2103:17507:9547;size=2	OTU_8	98.6	142	2	0	1	142	1	142	-1	0
M01498:848:000000000-K2NBK:1:2103:11094:14608;size=2	OTU_38	99.3	142	1	0	1	142	1	142	-1	0
M01498:848:000000000-K2NBK:1:2104:22203:19297;size=2	OTU_1	99.3	142	1	0	1	142	1	142	-1	0
M01498:848:000000000-K2NBK:1:2103:22709:17161;size=2	OTU_34	99.3	142	0	1	1	141	1	142	-1	0
M01498:848:000000000-K2NBK:1:2105:11237:25529;size=2	OTU_19	98.6	142	2	0	1	142	1	142	-1	0
M01498:848:000000000-K2NBK:1:2105:16959:27714;size=2	OTU_378	97.2	142	4	0	1	142	1	142	-1	0
M01498:848:000000000-K2NBK:1:2105:19831:11861;size=2	OTU_8	99.3	142	1	0	1	142	1	142	-1	0
M01498:848:000000000-K2NBK:1:2106:17393:3290;size=2	OTU_450	99.3	142	1	0	1	142	1	142	-1	0
M01498:848:000000000-K2NBK:1:2105:6419:21588;size=2	OTU_18	99.3	142	1	0	1	142	1	142	-1	0
M01498:848:000000000-K2NBK:1:2106:17899:11553;size=2	OTU_18	99.3	142	1	0	1	142	1	142	-1	0
M01498:848:000000000-K2NBK:1:2106:26318:14559;size=2	OTU_1	99.3	142	1	0	1	142	1	142	-1	0
M01498:848:000000000-K2NBK:1:2106:26661:22281;size=2	OTU_18	97.9	142	3	0	1	142	1	142	-1	0
M01498:848:000000000-K2NBK:1:2106:8151:16210;size=2	OTU_716	97.2	142	4	0	1	142	1	142	-1	0
M01498:848:000000000-K2NBK:1:2107:14294:10515;size=2	OTU_34	99.3	142	1	0	1	142	1	142	-1	0
M01498:848:000000000-K2NBK:1:2107:14068:14069;size=2	OTU_320	97.2	142	4	0	1	142	1	142	-1	0
M01498:848:000000000-K2NBK:1:2107:9983:23546;size=2	OTU_716	97.2	142	4	0	1	142	1	142	-1	0
M01498:848:000000000-K2NBK:1:2107:5620:8874;size=2	OTU_145	98.6	142	2	0	1	142	1	142	-1	0
M01498:848:000000000-K2NBK:1:2108:10268:27093;size=2	OTU_18	99.3	142	1	0	1	142	1	142	-1	0
M01498:848:000000000-K2NBK:1:2108:17760:5768;size=2	OTU_27	99.3	142	1	0	1	142	1	142	-1	0
M01498:848:000000000-K2NBK:1:2109:19321:25784;size=2	OTU_1628	99.3	142	1	0	1	142	1	142	-1	0
M01498:848:000000000-K2NBK:1:2110:18915:5817;size=2	OTU_130	98.6	142	2	0	1	142	1	142	-1	0
M01498:848:000000000-K2NBK:1:2110:10833:3266;size=2	OTU_56	100.0	142	0	0	1	142	1	142	-1	0
M01498:848:000000000-K2NBK:1:2110:28731:17573;size=2	OTU_716	97.9	142	3	0	1	142	1	142	-1	0
M01498:848:000000000-K2NBK:1:2107:16956:7117;size=2	OTU_8	100.0	142	0	0	1	143	1	142	-1	0
M01498:848:000000000-K2NBK:1:2110:5386:11501;size=2	OTU_8	99.3	142	1	0	1	142	1	142	-1	0
M01498:848:000000000-K2NBK:1:2111:27988:9671;size=2	OTU_134	100.0	142	0	0	1	142	1	142	-1	0
M01498:848:000000000-K2NBK:1:2112:15590:20102;size=2	OTU_18	98.6	142	2	0	1	142	1	142	-1	0
M01498:848:000000000-K2NBK:1:2112:16955:24416;size=2	OTU_172	97.2	142	4	0	1	142	1	142	-1	0
M01498:848:000000000-K2NBK:1:2112:19841:12553;size=2	OTU_716	97.2	142	4	0	1	142	1	142	-1	0
M01498:848:000000000-K2NBK:1:2112:22595:20837;size=2	OTU_716	97.2	142	4	0	1	142	1	142	-1	0
M01498:848:000000000-K2NBK:1:2112:4717:15501;size=2	OTU_107	98.6	141	2	0	1	141	1	142	-1	0
M01498:848:000000000-K2NBK:1:2112:4926:12267;size=2	OTU_200	98.6	142	2	0	1	142	1	142	-1	0
M01498:848:000000000-K2NBK:1:2114:6919:17328;size=2	OTU_85	99.3	142	1	0	1	142	1	142	-1	0
M01498:848:000000000-K2NBK:1:1101:17765:18160;size=1	OTU_27	98.6	142	2	0	1	142	1	142	-1	0
M01498:848:000000000-K2NBK:1:1101:14745:20013;size=1	OTU_442	100.0	142	0	0	1	142	1	142	-1	0
M01498:848:000000000-K2NBK:1:2114:21594:11355;size=2	OTU_28	99.3	142	1	0	1	142	1	142	-1	0
M01498:848:000000000-K2NBK:1:1101:16548:17793;size=1	OTU_31	99.3	142	1	0	1	142	1	142	-1	0
M01498:848:000000000-K2NBK:1:1101:19945:16717;size=1	OTU_19	98.6	142	2	0	1	142	1	142	-1	0
M01498:848:000000000-K2NBK:1:1101:20238:19620;size=1	OTU_381	97.2	142	4	0	1	142	1	142	-1	0
M01498:848:000000000-K2NBK:1:1101:20567:22436;size=1	OTU_2	99.3	142	1	0	1	142	1	142	-1	0
M01498:848:000000000-K2NBK:1:1101:21454:3576;size=1	OTU_270	99.3	141	0	1	1	140	1	142	-1	0
M01498:848:000000000-K2NBK:1:1101:27622:10498;size=1	OTU_1	99.3	142	1	0	1	142	1	142	-1	0
M01498:848:000000000-K2NBK:1:1101:4700:12710;size=1	OTU_27	99.3	142	1	0	1	142	1	142	-1	0
M01498:848:000000000-K2NBK:1:1101:6121:17887;size=1	OTU_1	99.3	142	1	0	1	142	1	142	-1	0
M01498:848:000000000-K2NBK:1:1101:4552:11894;size=1	OTU_150	99.3	142	1	0	1	142	1	142	-1	0
M01498:848:000000000-K2NBK:1:1101:7170:10516;size=1	OTU_28	99.3	142	1	0	1	142	1	142	-1	0
M01498:848:000000000-K2NBK:1:1102:14097:19583;size=1	OTU_2	99.3	142	1	0	1	142	1	142	-1	0
M01498:848:000000000-K2NBK:1:1102:13207:9676;size=1	OTU_185	99.3	142	1	0	1	142	1	142	-1	0
M01498:848:000000000-K2NBK:1:1102:14008:18403;size=1	OTU_19	100.0	140	0	0	1	140	1	142	-1	0
M01498:848:000000000-K2NBK:1:1101:6736:9800;size=1	OTU_71	99.3	141	1	0	1	141	1	142	-1	0
M01498:848:000000000-K2NBK:1:1101:7216:15468;size=1	OTU_514	99.3	142	1	0	1	142	1	142	-1	0
M01498:848:000000000-K2NBK:1:1102:15925:24914;size=1	OTU_301	100.0	142	0	0	1	142	1	142	-1	0
M01498:848:000000000-K2NBK:1:1101:5342:10678;size=1	OTU_137	99.3	142	1	0	1	142	1	142	-1	0
M01498:848:000000000-K2NBK:1:1102:16093:15108;size=1	OTU_56	98.6	142	2	0	1	142	1	142	-1	0
M01498:848:000000000-K2NBK:1:1102:16157:17036;size=1	OTU_113	98.6	142	2	0	1	142	1	142	-1	0
M01498:848:000000000-K2NBK:1:1102:20489:14552;size=1	OTU_107	99.3	141	1	0	1	141	1	142	-1	0
M01498:848:000000000-K2NBK:1:1102:18189:8679;size=1	OTU_374	99.3	142	1	0	1	142	1	142	-1	0
M01498:848:000000000-K2NBK:1:1102:19779:21506;size=1	OTU_145	100.0	142	0	0	1	142	1	142	-1	0
M01498:848:000000000-K2NBK:1:1102:28446:12994;size=1	OTU_8	98.6	142	2	0	1	142	1	142	-1	0
M01498:848:000000000-K2NBK:1:1102:20990:21618;size=1	OTU_13	99.3	142	1	0	1	142	1	142	-1	0
M01498:848:000000000-K2NBK:1:1102:21558:13229;size=1	OTU_18	98.6	142	2	0	1	142	1	142	-1	0
M01498:848:000000000-K2NBK:1:1102:23779:4195;size=1	OTU_18	99.3	140	1	0	1	140	1	142	-1	0
M01498:848:000000000-K2NBK:1:1102:29339:15856;size=1	OTU_43	99.3	142	1	0	1	142	1	142	-1	0
M01498:848:000000000-K2NBK:1:1102:4296:12812;size=1	OTU_10	98.6	141	2	0	1	141	1	142	-1	0
M01498:848:000000000-K2NBK:1:1102:4999:23516;size=1	OTU_9	99.3	142	1	0	1	142	1	142	-1	0
M01498:848:000000000-K2NBK:1:1102:5169:13964;size=1	OTU_2	98.6	141	2	0	1	141	1	142	-1	0
M01498:848:000000000-K2NBK:1:1102:5685:17003;size=1	OTU_31	97.2	142	4	0	1	142	1	142	-1	0
M01498:848:000000000-K2NBK:1:1102:8020:16067;size=1	OTU_24	99.3	142	1	0	1	142	1	142	-1	0
M01498:848:000000000-K2NBK:1:1102:8144:12887;size=1	OTU_716	97.2	142	3	1	1	141	1	142	-1	0
M01498:848:000000000-K2NBK:1:1102:8653:15651;size=1	OTU_150	99.3	142	1	0	1	142	1	142	-1	0
M01498:848:000000000-K2NBK:1:1102:8266:8391;size=1	OTU_398	100.0	142	0	0	1	142	1	142	-1	0
M01498:848:000000000-K2NBK:1:1103:10305:2668;size=1	OTU_24	98.6	142	2	0	1	142	1	142	-1	0
M01498:848:000000000-K2NBK:1:1102:8626:7163;size=1	OTU_204	100.0	142	0	0	1	142	1	142	-1	0
M01498:848:000000000-K2NBK:1:1102:9566:3527;size=1	OTU_5	98.6	142	2	0	1	142	1	142	-1	0
M01498:848:000000000-K2NBK:1:1103:10420:26691;size=1	OTU_381	97.2	142	4	0	1	142	1	142	-1	0
M01498:848:000000000-K2NBK:1:1103:12707:10643;size=1	OTU_27	98.6	142	2	0	1	142	1	142	-1	0
M01498:848:000000000-K2NBK:1:1103:13059:2689;size=1	OTU_27	98.6	142	2	0	1	142	1	142	-1	0
M01498:848:000000000-K2NBK:1:1103:11045:9571;size=1	OTU_8	99.3	142	1	0	1	142	1	142	-1	0
M01498:848:000000000-K2NBK:1:1103:11051:6903;size=1	OTU_394	97.9	140	3	0	1	140	1	142	-1	0
M01498:848:000000000-K2NBK:1:1103:11449:23953;size=1	OTU_117	100.0	142	0	0	1	142	1	142	-1	0
M01498:848:000000000-K2NBK:1:1103:11614:26064;size=1	OTU_7	99.3	142	1	0	1	142	1	142	-1	0
M01498:848:000000000-K2NBK:1:1103:11615:24299;size=1	OTU_1922	97.9	141	3	0	1	141	1	142	-1	0
M01498:848:000000000-K2NBK:1:1103:13080:2689;size=1	OTU_27	97.9	142	3	0	1	142	1	142	-1	0
M01498:848:000000000-K2NBK:1:1103:13181:23280;size=1	OTU_18	98.6	142	1	1	1	142	1	142	-1	0
M01498:848:000000000-K2NBK:1:1103:13677:11160;size=1	OTU_18	99.3	142	1	0	1	142	1	142	-1	0
M01498:848:000000000-K2NBK:1:1103:13126:24287;size=1	OTU_1	99.3	142	1	0	1	142	1	142	-1	0
M01498:848:000000000-K2NBK:1:1103:13793:18470;size=1	OTU_16	97.9	142	3	0	1	142	1	142	-1	0
M01498:848:000000000-K2NBK:1:1103:19087:13451;size=1	OTU_508	98.6	142	2	0	1	142	1	142	-1	0
M01498:848:000000000-K2NBK:1:1103:18159:15147;size=1	OTU_716	97.2	142	4	0	1	142	1	142	-1	0
M01498:848:000000000-K2NBK:1:1103:14886:25153;size=1	OTU_18	99.3	142	1	0	1	142	1	142	-1	0
M01498:848:000000000-K2NBK:1:1103:15597:18765;size=1	OTU_150	99.3	142	1	0	1	142	1	142	-1	0
M01498:848:000000000-K2NBK:1:1103:14125:5859;size=1	OTU_24	100.0	142	0	0	1	142	1	142	-1	0
M01498:848:000000000-K2NBK:1:1103:14172:10584;size=1	OTU_7	99.3	142	1	0	1	142	1	142	-1	0
M01498:848:000000000-K2NBK:1:1103:17532:12437;size=1	OTU_37	98.6	142	2	0	1	142	1	142	-1	0
M01498:848:000000000-K2NBK:1:1103:20476:27978;size=1	OTU_85	98.6	142	2	0	1	142	1	142	-1	0
M01498:848:000000000-K2NBK:1:1103:19377:19072;size=1	OTU_107	98.6	140	2	0	1	140	1	142	-1	0
M01498:848:000000000-K2NBK:1:1103:21599:23321;size=1	OTU_15	99.3	142	1	0	1	142	1	142	-1	0
M01498:848:000000000-K2NBK:1:1103:22643:11381;size=1	OTU_716	97.2	142	4	0	1	142	1	142	-1	0
M01498:848:000000000-K2NBK:1:1103:22828:4686;size=1	OTU_56	97.9	142	3	0	1	142	1	142	-1	0
M01498:848:000000000-K2NBK:1:1103:23473:20546;size=1	OTU_469	99.3	142	1	0	1	142	1	142	-1	0
M01498:848:000000000-K2NBK:1:1103:24650:7647;size=1	OTU_54	99.3	142	1	0	1	142	1	142	-1	0
M01498:848:000000000-K2NBK:1:1103:5656:20159;size=1	OTU_716	97.2	142	4	0	1	142	1	142	-1	0
M01498:848:000000000-K2NBK:1:1103:6679:18839;size=1	OTU_7	98.6	142	2	0	1	142	1	142	-1	0
M01498:848:000000000-K2NBK:1:1103:8764:19984;size=1	OTU_18	97.9	142	3	0	1	142	1	142	-1	0
M01498:848:000000000-K2NBK:1:1104:11466:23234;size=1	OTU_309	100.0	142	0	0	1	142	1	142	-1	0
M01498:848:000000000-K2NBK:1:1103:8483:9966;size=1	OTU_150	99.3	142	1	0	1	142	1	142	-1	0
M01498:848:000000000-K2NBK:1:1104:11642:9165;size=1	OTU_7	99.3	142	1	0	1	142	1	142	-1	0
M01498:848:000000000-K2NBK:1:1104:13166:16457;size=1	OTU_18	98.6	142	2	0	1	142	1	142	-1	0
M01498:848:000000000-K2NBK:1:1104:13405:12733;size=1	OTU_574	97.1	140	4	0	1	140	1	142	-1	0
M01498:848:000000000-K2NBK:1:1104:14207:28639;size=1	OTU_63	99.3	142	1	0	1	142	1	142	-1	0
M01498:848:000000000-K2NBK:1:1104:14224:24451;size=1	OTU_206	99.3	142	1	0	1	142	1	142	-1	0
M01498:848:000000000-K2NBK:1:1104:14715:25278;size=1	OTU_8	99.3	142	1	0	1	142	1	142	-1	0
M01498:848:000000000-K2NBK:1:1104:17143:29057;size=1	OTU_7	99.3	142	1	0	1	142	1	142	-1	0
M01498:848:000000000-K2NBK:1:1104:15308:24864;size=1	OTU_59	98.6	142	2	0	1	142	1	142	-1	0
M01498:848:000000000-K2NBK:1:1104:16917:6820;size=1	OTU_566	100.0	141	0	0	1	141	1	142	-1	0
M01498:848:000000000-K2NBK:1:1104:19630:20757;size=1	OTU_107	99.3	140	1	0	1	140	1	142	-1	0
M01498:848:000000000-K2NBK:1:1104:18324:17759;size=1	OTU_130	98.6	142	2	0	1	142	1	142	-1	0
M01498:848:000000000-K2NBK:1:1104:19695:26992;size=1	OTU_19	100.0	141	0	0	1	141	1	142	-1	0
M01498:848:000000000-K2NBK:1:1104:20598:27920;size=1	OTU_144	98.6	142	2	0	1	142	1	142	-1	0
M01498:848:000000000-K2NBK:1:1104:20654:27657;size=1	OTU_716	97.2	142	4	0	1	142	1	142	-1	0
M01498:848:000000000-K2NBK:1:1104:21072:17451;size=1	OTU_1089	100.0	142	0	0	1	142	1	142	-1	0
M01498:848:000000000-K2NBK:1:1104:26193:9716;size=1	OTU_76	99.3	142	1	0	1	142	1	142	-1	0
M01498:848:000000000-K2NBK:1:1104:27599:10394;size=1	OTU_38	99.3	142	1	0	1	142	1	142	-1	0
M01498:848:000000000-K2NBK:1:1104:21870:4871;size=1	OTU_716	97.2	142	4	0	1	142	1	142	-1	0
M01498:848:000000000-K2NBK:1:1104:24448:7311;size=1	OTU_716	98.6	140	2	0	1	140	1	142	-1	0
M01498:848:000000000-K2NBK:1:1104:28214:15645;size=1	OTU_601	99.3	142	1	0	1	142	1	142	-1	0
M01498:848:000000000-K2NBK:1:1104:21869:5596;size=1	OTU_54	99.3	141	1	0	1	141	1	142	-1	0
M01498:848:000000000-K2NBK:1:1104:25083:20245;size=1	OTU_1	98.6	142	2	0	1	142	1	142	-1	0
M01498:848:000000000-K2NBK:1:1104:23886:18839;size=1	OTU_18	99.3	142	1	0	1	142	1	142	-1	0
M01498:848:000000000-K2NBK:1:1104:7750:22913;size=1	OTU_85	97.2	142	4	0	1	142	1	142	-1	0
M01498:848:000000000-K2NBK:1:1104:26361:13626;size=1	OTU_18	99.3	142	1	0	1	142	1	142	-1	0
M01498:848:000000000-K2NBK:1:1105:13779:17999;size=1	OTU_266	99.3	142	1	0	1	142	1	142	-1	0
M01498:848:000000000-K2NBK:1:1105:12548:26848;size=1	OTU_73	99.3	142	1	0	1	142	1	142	-1	0
M01498:848:000000000-K2NBK:1:1105:14241:13992;size=1	OTU_18	99.3	142	1	0	1	142	1	142	-1	0
M01498:848:000000000-K2NBK:1:1105:13959:24577;size=1	OTU_5	98.6	141	2	0	1	141	1	142	-1	0
M01498:848:000000000-K2NBK:1:1105:15014:26546;size=1	OTU_96	99.3	142	1	0	1	142	1	142	-1	0
M01498:848:000000000-K2NBK:1:1105:15457:8025;size=1	OTU_27	99.3	142	1	0	1	142	1	142	-1	0
M01498:848:000000000-K2NBK:1:1105:15498:24463;size=1	OTU_18	99.3	142	1	0	1	142	1	142	-1	0
M01498:848:000000000-K2NBK:1:1105:18049:11403;size=1	OTU_18	98.6	142	2	0	1	142	1	142	-1	0
M01498:848:000000000-K2NBK:1:1105:18423:10925;size=1	OTU_18	99.3	142	1	0	1	142	1	142	-1	0
M01498:848:000000000-K2NBK:1:1105:19127:2140;size=1	OTU_2	99.3	140	1	0	1	140	1	142	-1	0
M01498:848:000000000-K2NBK:1:1105:20765:18292;size=1	OTU_5	100.0	142	0	0	1	142	1	142	-1	0
M01498:848:000000000-K2NBK:1:1105:21249:27083;size=1	OTU_172	97.2	142	4	0	1	142	1	142	-1	0
M01498:848:000000000-K2NBK:1:1105:21466:18101;size=1	OTU_61	98.6	142	2	0	1	142	1	142	-1	0
M01498:848:000000000-K2NBK:1:1105:23219:4139;size=1	OTU_716	97.2	142	4	0	1	142	1	142	-1	0
M01498:848:000000000-K2NBK:1:1105:23878:25935;size=1	OTU_5	98.6	142	2	0	1	142	1	142	-1	0
M01498:848:000000000-K2NBK:1:1105:24148:23027;size=1	OTU_85	99.3	142	1	0	1	142	1	142	-1	0
M01498:848:000000000-K2NBK:1:1105:23139:23834;size=1	OTU_34	99.3	142	1	0	1	142	1	142	-1	0
M01498:848:000000000-K2NBK:1:1105:25123:25060;size=1	OTU_18	98.6	142	2	0	1	142	1	142	-1	0
M01498:848:000000000-K2NBK:1:1105:24278:13046;size=1	OTU_54	99.3	142	1	0	1	142	1	142	-1	0
M01498:848:000000000-K2NBK:1:1105:26581:17840;size=1	OTU_10	98.6	142	2	0	1	142	1	142	-1	0
M01498:848:000000000-K2NBK:1:1105:26641:13055;size=1	OTU_8	99.3	142	1	0	1	142	1	142	-1	0
M01498:848:000000000-K2NBK:1:1105:26667:14137;size=1	OTU_716	97.2	142	4	0	1	142	1	142	-1	0
M01498:848:000000000-K2NBK:1:1105:4404:10470;size=1	OTU_374	99.3	141	1	0	1	141	1	142	-1	0
M01498:848:000000000-K2NBK:1:1105:4013:18170;size=1	OTU_130	99.3	142	1	0	1	142	1	142	-1	0
M01498:848:000000000-K2NBK:1:1105:4737:19118;size=1	OTU_130	98.6	142	2	0	1	142	1	142	-1	0
M01498:848:000000000-K2NBK:1:1105:7346:18147;size=1	OTU_385	98.6	142	2	0	1	142	1	142	-1	0
M01498:848:000000000-K2NBK:1:1105:6002:15649;size=1	OTU_172	97.2	142	4	0	1	142	1	142	-1	0
M01498:848:000000000-K2NBK:1:1105:6855:11302;size=1	OTU_110	98.6	142	2	0	1	142	1	142	-1	0
M01498:848:000000000-K2NBK:1:1105:7374:18255;size=1	OTU_255	97.9	140	3	0	1	140	1	142	-1	0
M01498:848:000000000-K2NBK:1:1105:7682:19443;size=1	OTU_2	99.3	142	1	0	1	142	1	142	-1	0
M01498:848:000000000-K2NBK:1:1105:9002:13245;size=1	OTU_716	97.2	142	4	0	1	142	1	142	-1	0
M01498:848:000000000-K2NBK:1:1105:9564:12228;size=1	OTU_1647	98.6	142	2	0	1	142	1	142	-1	0
M01498:848:000000000-K2NBK:1:1106:11881:28527;size=1	OTU_716	97.2	142	4	0	1	142	1	142	-1	0
M01498:848:000000000-K2NBK:1:1106:12099:15129;size=1	OTU_18	98.6	142	2	0	1	142	1	142	-1	0
M01498:848:000000000-K2NBK:1:1106:16457:12149;size=1	OTU_18	98.6	142	2	0	1	142	1	142	-1	0
M01498:848:000000000-K2NBK:1:1106:21037:6600;size=1	OTU_320	97.2	142	4	0	1	142	1	142	-1	0
M01498:848:000000000-K2NBK:1:1106:18098:10419;size=1	OTU_716	97.9	142	3	0	1	142	1	142	-1	0
M01498:848:000000000-K2NBK:1:1106:18349:17077;size=1	OTU_8	99.3	142	1	0	1	142	1	142	-1	0
M01498:848:000000000-K2NBK:1:1106:18587:17790;size=1	OTU_18	98.6	142	1	1	1	141	1	142	-1	0
M01498:848:000000000-K2NBK:1:1106:23452:14274;size=1	OTU_6	98.6	142	2	0	1	142	1	142	-1	0
M01498:848:000000000-K2NBK:1:1106:18397:18501;size=1	OTU_18	98.6	142	2	0	1	142	1	142	-1	0
M01498:848:000000000-K2NBK:1:1106:20120:23748;size=1	OTU_14	98.6	140	2	0	1	140	1	140	-1	0
M01498:848:000000000-K2NBK:1:1106:24105:23763;size=1	OTU_209	98.6	142	2	0	1	142	1	142	-1	0
M01498:848:000000000-K2NBK:1:1106:24682:25496;size=1	OTU_38	99.3	142	1	0	1	142	1	142	-1	0
M01498:848:000000000-K2NBK:1:1106:25172:6052;size=1	OTU_230	97.9	142	2	1	1	141	1	142	-1	0
M01498:848:000000000-K2NBK:1:1107:10129:17965;size=1	OTU_18	99.3	141	1	0	1	141	1	142	-1	0
M01498:848:000000000-K2NBK:1:1107:11273:22977;size=1	OTU_221	100.0	142	0	0	1	142	1	142	-1	0
M01498:848:000000000-K2NBK:1:1107:11295:2083;size=1	OTU_37	97.2	142	4	0	1	142	1	142	-1	0
M01498:848:000000000-K2NBK:1:1107:11488:9111;size=1	OTU_18	98.6	142	2	0	1	142	1	142	-1	0
M01498:848:000000000-K2NBK:1:1107:13135:4545;size=1	OTU_5	99.3	142	1	0	1	142	1	142	-1	0
M01498:848:000000000-K2NBK:1:1107:11875:6927;size=1	OTU_59	99.3	142	1	0	1	142	1	142	-1	0
M01498:848:000000000-K2NBK:1:1107:15179:14682;size=1	OTU_20	99.3	142	1	0	1	142	1	142	-1	0
M01498:848:000000000-K2NBK:1:1107:14328:18471;size=1	OTU_1	100.0	141	0	0	1	141	1	142	-1	0
M01498:848:000000000-K2NBK:1:1107:16173:5344;size=1	OTU_73	99.3	142	1	0	1	142	1	142	-1	0
M01498:848:000000000-K2NBK:1:1107:13552:16445;size=1	OTU_31	99.3	142	1	0	1	142	1	142	-1	0
M01498:848:000000000-K2NBK:1:1107:15146:19597;size=1	OTU_381	97.2	142	4	0	1	142	1	142	-1	0
M01498:848:000000000-K2NBK:1:1107:16270:9074;size=1	OTU_114	99.3	141	1	0	1	141	1	142	-1	0
M01498:848:000000000-K2NBK:1:1107:18066:6340;size=1	OTU_230	100.0	142	0	0	1	142	1	142	-1	0
M01498:848:000000000-K2NBK:1:1107:19444:10065;size=1	OTU_8	99.3	142	1	0	1	142	1	142	-1	0
M01498:848:000000000-K2NBK:1:1107:19795:16888;size=1	OTU_243	100.0	142	0	0	1	142	1	142	-1	0
M01498:848:000000000-K2NBK:1:1107:25232:20561;size=1	OTU_716	97.2	142	4	0	1	142	1	142	-1	0
M01498:848:000000000-K2NBK:1:1107:25893:14954;size=1	OTU_18	98.6	142	1	1	1	141	1	142	-1	0
M01498:848:000000000-K2NBK:1:1107:27472:18146;size=1	OTU_150	99.3	142	1	0	1	142	1	142	-1	0
M01498:848:000000000-K2NBK:1:1107:6338:11868;size=1	OTU_18	97.9	142	3	0	1	142	1	142	-1	0
M01498:848:000000000-K2NBK:1:1107:8128:15722;size=1	OTU_107	98.6	142	2	0	1	142	1	142	-1	0
M01498:848:000000000-K2NBK:1:1108:13715:5956;size=1	OTU_54	99.3	142	1	0	1	142	1	142	-1	0
M01498:848:000000000-K2NBK:1:1108:14004:26016;size=1	OTU_14	98.6	140	2	0	1	140	1	140	-1	0
M01498:848:000000000-K2NBK:1:1108:14948:12370;size=1	OTU_460	99.3	142	1	0	1	142	1	142	-1	0
M01498:848:000000000-K2NBK:1:1108:15787:12059;size=1	OTU_18	99.3	142	1	0	1	142	1	142	-1	0
M01498:848:000000000-K2NBK:1:1108:16113:22163;size=1	OTU_1	98.6	142	2	0	1	142	1	142	-1	0
M01498:848:000000000-K2NBK:1:1108:19034:13390;size=1	OTU_18	99.3	142	1	0	1	142	1	142	-1	0
M01498:848:000000000-K2NBK:1:1108:19339:16203;size=1	OTU_34	100.0	140	0	0	1	140	1	142	-1	0
M01498:848:000000000-K2NBK:1:1108:22336:6958;size=1	OTU_1647	98.6	142	2	0	1	142	1	142	-1	0
M01498:848:000000000-K2NBK:1:1108:22673:24070;size=1	OTU_8	99.3	142	1	0	1	142	1	142	-1	0
M01498:848:000000000-K2NBK:1:1108:25950:14392;size=1	OTU_38	98.6	142	2	0	1	142	1	142	-1	0
M01498:848:000000000-K2NBK:1:1108:19082:7807;size=1	OTU_38	98.6	142	2	0	1	142	1	142	-1	0
M01498:848:000000000-K2NBK:1:1108:6368:7195;size=1	OTU_8	99.3	142	1	0	1	142	1	142	-1	0
M01498:848:000000000-K2NBK:1:1108:26639:10732;size=1	OTU_18	99.3	142	1	0	1	142	1	142	-1	0
M01498:848:000000000-K2NBK:1:1108:10162:20098;size=1	OTU_2	99.3	142	1	0	1	142	1	142	-1	0
M01498:848:000000000-K2NBK:1:1108:6135:9874;size=1	OTU_7	99.3	142	1	0	1	142	1	142	-1	0
M01498:848:000000000-K2NBK:1:1108:6436:20459;size=1	OTU_1475	97.2	142	4	0	1	142	1	142	-1	0
M01498:848:000000000-K2NBK:1:1109:11880:3309;size=1	OTU_5	98.6	141	2	0	1	141	1	142	-1	0
M01498:848:000000000-K2NBK:1:1108:7468:10846;size=1	OTU_31	99.3	142	1	0	1	142	1	142	-1	0
M01498:848:000000000-K2NBK:1:1108:9380:27496;size=1	OTU_18	98.6	142	2	0	1	142	1	142	-1	0
M01498:848:000000000-K2NBK:1:1108:9656:6085;size=1	OTU_1628	98.6	142	2	0	1	142	1	142	-1	0
M01498:848:000000000-K2NBK:1:1109:12189:18241;size=1	OTU_145	98.6	142	2	0	1	142	1	142	-1	0
M01498:848:000000000-K2NBK:1:1109:13428:17847;size=1	OTU_18	99.3	142	1	0	1	142	1	142	-1	0
M01498:848:000000000-K2NBK:1:1109:13622:4089;size=1	OTU_7	98.6	142	2	0	1	142	1	142	-1	0
M01498:848:000000000-K2NBK:1:1109:13580:16052;size=1	OTU_43	99.3	142	1	0	1	142	1	142	-1	0
M01498:848:000000000-K2NBK:1:1109:12806:14557;size=1	OTU_18	98.6	142	2	0	1	143	1	142	-1	0
M01498:848:000000000-K2NBK:1:1109:15983:14881;size=1	OTU_145	97.9	142	3	0	1	142	1	142	-1	0
M01498:848:000000000-K2NBK:1:1109:16895:13652;size=1	OTU_18	98.6	142	2	0	1	142	1	142	-1	0
M01498:848:000000000-K2NBK:1:1109:16871:1886;size=1	OTU_8	99.3	142	1	0	1	142	1	142	-1	0
M01498:848:000000000-K2NBK:1:1109:18888:9095;size=1	OTU_8	98.6	142	2	0	1	142	1	142	-1	0
M01498:848:000000000-K2NBK:1:1109:22519:21774;size=1	OTU_38	99.3	142	1	0	1	142	1	142	-1	0
M01498:848:000000000-K2NBK:1:1109:23615:16091;size=1	OTU_716	97.2	142	4	0	1	143	1	142	-1	0
M01498:848:000000000-K2NBK:1:1109:17910:21575;size=1	OTU_11	100.0	142	0	0	1	142	1	142	-1	0
M01498:848:000000000-K2NBK:1:1109:24130:9253;size=1	OTU_18	99.3	142	1	0	1	142	1	142	-1	0
M01498:848:000000000-K2NBK:1:1109:25409:7938;size=1	OTU_261	100.0	141	0	0	1	141	1	142	-1	0
M01498:848:000000000-K2NBK:1:1109:4526:8729;size=1	OTU_27	98.6	142	2	0	1	142	1	142	-1	0
M01498:848:000000000-K2NBK:1:1109:4499:13500;size=1	OTU_410	100.0	140	0	0	1	140	1	141	-1	0
M01498:848:000000000-K2NBK:1:1109:18295:26963;size=1	OTU_2	99.3	141	1	0	1	141	1	142	-1	0
M01498:848:000000000-K2NBK:1:1109:4922:21937;size=1	OTU_320	97.2	142	4	0	1	142	1	142	-1	0
M01498:848:000000000-K2NBK:1:1109:9213:14774;size=1	OTU_230	99.3	142	1	0	1	142	1	142	-1	0
M01498:848:000000000-K2NBK:1:1109:5543:14787;size=1	OTU_60	99.3	142	1	0	1	142	1	142	-1	0
M01498:848:000000000-K2NBK:1:1110:13859:5184;size=1	OTU_320	97.2	142	3	1	1	141	1	142	-1	0
M01498:848:000000000-K2NBK:1:1109:7947:13020;size=1	OTU_1	99.3	142	1	0	1	142	1	142	-1	0
M01498:848:000000000-K2NBK:1:1110:12276:4031;size=1	OTU_915	97.9	141	3	0	1	141	1	142	-1	0
M01498:848:000000000-K2NBK:1:1110:12443:6304;size=1	OTU_716	97.2	142	4	0	1	142	1	142	-1	0
M01498:848:000000000-K2NBK:1:1109:27746:8779;size=1	OTU_27	99.3	142	1	0	1	142	1	142	-1	0
M01498:848:000000000-K2NBK:1:1110:14208:7361;size=1	OTU_107	99.3	140	1	0	1	140	1	142	-1	0
M01498:848:000000000-K2NBK:1:1110:14600:26241;size=1	OTU_63	99.3	142	1	0	1	142	1	142	-1	0
M01498:848:000000000-K2NBK:1:1110:14907:5442;size=1	OTU_18	99.3	142	1	0	1	142	1	142	-1	0
M01498:848:000000000-K2NBK:1:1110:17767:5050;size=1	OTU_107	99.3	141	1	0	1	141	1	142	-1	0
M01498:848:000000000-K2NBK:1:1110:17799:23474;size=1	OTU_144	97.9	142	3	0	1	142	1	142	-1	0
M01498:848:000000000-K2NBK:1:1110:18592:5908;size=1	OTU_771	100.0	142	0	0	1	142	1	142	-1	0
M01498:848:000000000-K2NBK:1:1110:19187:26943;size=1	OTU_18	99.3	142	1	0	1	142	1	142	-1	0
M01498:848:000000000-K2NBK:1:1110:18598:12800;size=1	OTU_22	97.9	142	3	0	1	142	1	142	-1	0
M01498:848:000000000-K2NBK:1:1110:19344:4821;size=1	OTU_60	98.6	142	2	0	1	142	1	142	-1	0
M01498:848:000000000-K2NBK:1:1110:20253:11409;size=1	OTU_59	98.6	142	2	0	1	142	1	142	-1	0
M01498:848:000000000-K2NBK:1:1110:22443:11280;size=1	OTU_172	97.2	142	4	0	1	142	1	142	-1	0
M01498:848:000000000-K2NBK:1:1110:21345:22408;size=1	OTU_39	100.0	142	0	0	1	142	1	142	-1	0
M01498:848:000000000-K2NBK:1:1110:25251:12188;size=1	OTU_2	99.3	142	1	0	1	142	1	142	-1	0
M01498:848:000000000-K2NBK:1:1110:2420:14631;size=1	OTU_39	98.6	142	2	0	1	142	1	142	-1	0
M01498:848:000000000-K2NBK:1:1110:27097:22644;size=1	OTU_18	98.6	142	2	0	1	142	1	142	-1	0
M01498:848:000000000-K2NBK:1:1110:5305:10667;size=1	OTU_110	99.3	142	1	0	1	142	1	142	-1	0
M01498:848:000000000-K2NBK:1:1110:23761:12663;size=1	OTU_4	100.0	142	0	0	1	143	1	142	-1	0
M01498:848:000000000-K2NBK:1:1111:10476:21716;size=1	OTU_8	99.3	142	1	0	1	142	1	142	-1	0
M01498:848:000000000-K2NBK:1:1110:8646:26397;size=1	OTU_378	97.2	142	4	0	1	142	1	142	-1	0
M01498:848:000000000-K2NBK:1:1111:10839:26954;size=1	OTU_110	98.6	142	2	0	1	142	1	142	-1	0
M01498:848:000000000-K2NBK:1:1110:8665:26378;size=1	OTU_145	97.2	142	4	0	1	142	1	142	-1	0
M01498:848:000000000-K2NBK:1:1111:11224:13778;size=1	OTU_5	99.3	142	1	0	1	142	1	142	-1	0
M01498:848:000000000-K2NBK:1:1111:11678:10857;size=1	OTU_25	99.3	142	1	0	1	142	1	142	-1	0
M01498:848:000000000-K2NBK:1:1111:12286:18477;size=1	OTU_5	97.9	141	3	0	1	141	1	142	-1	0
M01498:848:000000000-K2NBK:1:1111:12085:7247;size=1	OTU_67	97.9	142	3	0	1	142	1	142	-1	0
M01498:848:000000000-K2NBK:1:1111:14654:3073;size=1	OTU_17	100.0	141	0	0	1	141	1	142	-1	0
M01498:848:000000000-K2NBK:1:1111:16068:4019;size=1	OTU_31	97.9	142	3	0	1	142	1	142	-1	0
M01498:848:000000000-K2NBK:1:1111:21659:5563;size=1	OTU_8	99.3	142	1	0	1	142	1	142	-1	0
M01498:848:000000000-K2NBK:1:1111:14976:21010;size=1	OTU_8	99.3	142	1	0	1	142	1	142	-1	0
M01498:848:000000000-K2NBK:1:1111:21897:5658;size=1	OTU_71	99.3	141	1	0	1	141	1	142	-1	0
M01498:848:000000000-K2NBK:1:1111:3119:19068;size=1	OTU_1	99.3	142	1	0	1	142	1	142	-1	0
M01498:848:000000000-K2NBK:1:1111:25736:11397;size=1	OTU_172	97.2	142	4	0	1	142	1	142	-1	0
M01498:848:000000000-K2NBK:1:1111:3450:21915;size=1	OTU_24	98.6	142	2	0	1	142	1	142	-1	0
M01498:848:000000000-K2NBK:1:1111:6178:8268;size=1	OTU_18	97.9	142	3	0	1	142	1	142	-1	0
M01498:848:000000000-K2NBK:1:1111:6656:8060;size=1	OTU_10	98.6	142	2	0	1	142	1	142	-1	0
M01498:848:000000000-K2NBK:1:1111:7340:14962;size=1	OTU_1	99.3	142	1	0	1	142	1	142	-1	0
M01498:848:000000000-K2NBK:1:1111:7540:21747;size=1	OTU_5	100.0	141	0	0	1	141	1	142	-1	0
M01498:848:000000000-K2NBK:1:1112:10835:18223;size=1	OTU_54	98.6	142	2	0	1	142	1	142	-1	0
M01498:848:000000000-K2NBK:1:1111:8156:6037;size=1	OTU_34	99.3	142	1	0	1	142	1	142	-1	0
M01498:848:000000000-K2NBK:1:1112:12173:15779;size=1	OTU_716	97.9	142	3	0	1	142	1	142	-1	0
M01498:848:000000000-K2NBK:1:1111:24628:15656;size=1	OTU_18	98.6	142	2	0	1	142	1	142	-1	0
M01498:848:000000000-K2NBK:1:1112:15180:15338;size=1	OTU_35	99.3	140	1	0	1	140	1	142	-1	0
M01498:848:000000000-K2NBK:1:1112:12277:14864;size=1	OTU_34	99.3	142	1	0	1	142	1	142	-1	0
M01498:848:000000000-K2NBK:1:1112:15685:4235;size=1	OTU_168	98.6	141	2	0	1	141	1	142	-1	0
M01498:848:000000000-K2NBK:1:1112:15769:12373;size=1	OTU_27	99.3	142	1	0	1	142	1	142	-1	0
M01498:848:000000000-K2NBK:1:1112:16038:6063;size=1	OTU_110	99.3	142	1	0	1	142	1	142	-1	0
M01498:848:000000000-K2NBK:1:1112:25277:12692;size=1	OTU_5	98.6	141	2	0	1	141	1	142	-1	0
M01498:848:000000000-K2NBK:1:1112:26327:14841;size=1	OTU_8	99.3	142	1	0	1	142	1	142	-1	0
M01498:848:000000000-K2NBK:1:1112:25512:8882;size=1	OTU_72	99.3	142	1	0	1	142	1	142	-1	0
M01498:848:000000000-K2NBK:1:1112:3062:10468;size=1	OTU_168	98.6	142	2	0	1	142	1	142	-1	0
M01498:848:000000000-K2NBK:1:1112:3348:19474;size=1	OTU_31	97.2	142	4	0	1	142	1	142	-1	0
M01498:848:000000000-K2NBK:1:1112:28563:19129;size=1	OTU_123	99.3	142	1	0	1	142	1	142	-1	0
M01498:848:000000000-K2NBK:1:1113:12727:9345;size=1	OTU_14	98.6	140	2	0	1	142	1	140	-1	0
M01498:848:000000000-K2NBK:1:1112:9679:23502;size=1	OTU_12	97.2	142	4	0	1	142	1	142	-1	0
M01498:848:000000000-K2NBK:1:1113:14671:16960;size=1	OTU_378	97.2	141	4	0	1	141	1	142	-1	0
M01498:848:000000000-K2NBK:1:1113:15603:16282;size=1	OTU_18	99.3	142	1	0	1	142	1	142	-1	0
M01498:848:000000000-K2NBK:1:1113:16121:5667;size=1	OTU_130	97.2	142	4	0	1	142	1	142	-1	0
M01498:848:000000000-K2NBK:1:1113:20168:27561;size=1	OTU_18	99.3	142	1	0	1	142	1	142	-1	0
M01498:848:000000000-K2NBK:1:1113:18623:7852;size=1	OTU_61	98.6	142	2	0	1	142	1	142	-1	0
M01498:848:000000000-K2NBK:1:1113:24447:8681;size=1	OTU_34	99.3	142	1	0	1	142	1	142	-1	0
M01498:848:000000000-K2NBK:1:1113:27782:16189;size=1	OTU_200	100.0	141	0	0	1	141	1	142	-1	0
M01498:848:000000000-K2NBK:1:1113:6523:14538;size=1	OTU_1	99.3	142	1	0	1	142	1	142	-1	0
M01498:848:000000000-K2NBK:1:1113:7328:7523;size=1	OTU_5	97.2	141	4	0	1	141	1	142	-1	0
M01498:848:000000000-K2NBK:1:1114:10243:19688;size=1	OTU_22	98.6	142	2	0	1	142	1	142	-1	0
M01498:848:000000000-K2NBK:1:1114:10147:4471;size=1	OTU_18	99.3	142	1	0	1	142	1	142	-1	0
M01498:848:000000000-K2NBK:1:1113:7759:25283;size=1	OTU_85	98.6	142	2	0	1	142	1	142	-1	0
M01498:848:000000000-K2NBK:1:1114:11876:8479;size=1	OTU_122	99.3	142	1	0	1	142	1	142	-1	0
M01498:848:000000000-K2NBK:1:1113:8509:18998;size=1	OTU_2	100.0	142	0	0	1	143	1	142	-1	0
M01498:848:000000000-K2NBK:1:1114:12139:9554;size=1	OTU_31	99.3	142	1	0	1	142	1	142	-1	0
M01498:848:000000000-K2NBK:1:1114:12405:24417;size=1	OTU_28	98.6	142	2	0	1	142	1	142	-1	0
M01498:848:000000000-K2NBK:1:1114:12758:17038;size=1	OTU_8	97.9	142	3	0	1	142	1	142	-1	0
M01498:848:000000000-K2NBK:1:1114:14413:25793;size=1	OTU_38	98.6	142	2	0	1	142	1	142	-1	0
M01498:848:000000000-K2NBK:1:1114:15899:7214;size=1	OTU_7	97.2	142	4	0	1	142	1	142	-1	0
M01498:848:000000000-K2NBK:1:1114:15998:12538;size=1	OTU_34	99.3	142	1	0	1	142	1	142	-1	0
M01498:848:000000000-K2NBK:1:1114:17987:23952;size=1	OTU_266	99.3	142	1	0	1	142	1	142	-1	0
M01498:848:000000000-K2NBK:1:1114:20878:14587;size=1	OTU_8	99.3	141	1	0	1	141	1	142	-1	0
M01498:848:000000000-K2NBK:1:1114:25505:12983;size=1	OTU_18	99.3	142	1	0	1	142	1	142	-1	0
M01498:848:000000000-K2NBK:1:1114:26457:7599;size=1	OTU_8	99.3	142	1	0	1	142	1	142	-1	0
M01498:848:000000000-K2NBK:1:1114:28913:14090;size=1	OTU_145	98.6	142	2	0	1	142	1	142	-1	0
M01498:848:000000000-K2NBK:1:1114:3581:10955;size=1	OTU_1	99.3	142	1	0	1	142	1	142	-1	0
M01498:848:000000000-K2NBK:1:1114:19752:20630;size=1	OTU_596	98.6	142	2	0	1	143	1	142	-1	0
M01498:848:000000000-K2NBK:1:1114:8142:18726;size=1	OTU_54	99.3	142	1	0	1	142	1	142	-1	0
M01498:848:000000000-K2NBK:1:1114:8274:8398;size=1	OTU_18	99.3	142	1	0	1	142	1	142	-1	0
M01498:848:000000000-K2NBK:1:1114:8908:15943;size=1	OTU_60	99.3	142	1	0	1	142	1	142	-1	0
M01498:848:000000000-K2NBK:1:1114:9368:23059;size=1	OTU_113	99.3	142	1	0	1	142	1	142	-1	0
M01498:848:000000000-K2NBK:1:1114:9495:21669;size=1	OTU_63	98.6	142	2	0	1	142	1	142	-1	0
M01498:848:000000000-K2NBK:1:2101:10772:25219;size=1	OTU_121	98.6	142	2	0	1	142	1	142	-1	0
M01498:848:000000000-K2NBK:1:2101:11347:17987;size=1	OTU_200	99.3	142	1	0	1	142	1	142	-1	0
M01498:848:000000000-K2NBK:1:2101:12504:4901;size=1	OTU_8	99.3	142	1	0	1	142	1	142	-1	0
M01498:848:000000000-K2NBK:1:2101:12973:11000;size=1	OTU_18	99.3	142	1	0	1	142	1	142	-1	0
M01498:848:000000000-K2NBK:1:2101:13632:24033;size=1	OTU_14	98.6	140	2	0	1	140	1	140	-1	0
M01498:848:000000000-K2NBK:1:2101:13787:25003;size=1	OTU_130	98.6	142	2	0	1	142	1	142	-1	0
M01498:848:000000000-K2NBK:1:2101:15776:20578;size=1	OTU_76	99.3	142	1	0	1	142	1	142	-1	0
M01498:848:000000000-K2NBK:1:2101:16514:12205;size=1	OTU_1	99.3	142	1	0	1	142	1	142	-1	0
M01498:848:000000000-K2NBK:1:2101:16742:4542;size=1	OTU_386	100.0	141	0	0	1	141	1	142	-1	0
M01498:848:000000000-K2NBK:1:2101:16823:18451;size=1	OTU_2	99.3	140	1	0	1	140	1	142	-1	0
M01498:848:000000000-K2NBK:1:2101:17058:7951;size=1	OTU_5	98.6	141	2	0	1	141	1	142	-1	0
M01498:848:000000000-K2NBK:1:2101:17225:13844;size=1	OTU_31	99.3	142	1	0	1	142	1	142	-1	0
M01498:848:000000000-K2NBK:1:2101:18196:9388;size=1	OTU_385	98.6	142	2	0	1	142	1	142	-1	0
M01498:848:000000000-K2NBK:1:2101:19207:15468;size=1	OTU_18	98.6	142	2	0	1	142	1	142	-1	0
M01498:848:000000000-K2NBK:1:2101:20905:23723;size=1	OTU_63	99.3	142	1	0	1	142	1	142	-1	0
M01498:848:000000000-K2NBK:1:2101:21898:23861;size=1	OTU_130	99.3	142	1	0	1	142	1	142	-1	0
M01498:848:000000000-K2NBK:1:2101:23502:25408;size=1	OTU_27	97.9	142	3	0	1	142	1	142	-1	0
M01498:848:000000000-K2NBK:1:2101:24967:7387;size=1	OTU_59	99.3	142	1	0	1	142	1	142	-1	0
M01498:848:000000000-K2NBK:1:2101:25880:18740;size=1	OTU_188	97.9	142	3	0	1	142	1	142	-1	0
M01498:848:000000000-K2NBK:1:2101:27243:14640;size=1	OTU_31	99.3	142	1	0	1	142	1	142	-1	0
M01498:848:000000000-K2NBK:1:2101:27450:14114;size=1	OTU_14	98.6	140	2	0	1	142	1	140	-1	0
M01498:848:000000000-K2NBK:1:2101:3638:8396;size=1	OTU_110	99.3	142	1	0	1	142	1	142	-1	0
M01498:848:000000000-K2NBK:1:2101:3788:22138;size=1	OTU_601	99.3	142	1	0	1	142	1	142	-1	0
M01498:848:000000000-K2NBK:1:2101:4428:15524;size=1	OTU_209	98.6	142	2	0	1	142	1	142	-1	0
M01498:848:000000000-K2NBK:1:2101:3719:14828;size=1	OTU_22	98.6	142	2	0	1	142	1	142	-1	0
M01498:848:000000000-K2NBK:1:2101:7666:22973;size=1	OTU_110	97.9	142	3	0	1	142	1	142	-1	0
M01498:848:000000000-K2NBK:1:2101:8051:21533;size=1	OTU_8	99.3	142	1	0	1	142	1	142	-1	0
M01498:848:000000000-K2NBK:1:2101:8665:14952;size=1	OTU_19	99.3	142	1	0	1	142	1	142	-1	0
M01498:848:000000000-K2NBK:1:2101:9612:22133;size=1	OTU_285	99.3	142	1	0	1	142	1	142	-1	0
M01498:848:000000000-K2NBK:1:2101:9691:8078;size=1	OTU_410	100.0	141	0	0	1	141	1	141	-1	0
M01498:848:000000000-K2NBK:1:2101:9979:18344;size=1	OTU_85	98.6	142	2	0	1	142	1	142	-1	0
M01498:848:000000000-K2NBK:1:2102:11762:26137;size=1	OTU_47	99.3	142	1	0	1	142	1	142	-1	0
M01498:848:000000000-K2NBK:1:2102:12469:7168;size=1	OTU_34	99.3	142	1	0	1	142	1	142	-1	0
M01498:848:000000000-K2NBK:1:2102:12764:2033;size=1	OTU_31	99.3	142	1	0	1	142	1	142	-1	0
M01498:848:000000000-K2NBK:1:2102:12614:2202;size=1	OTU_465	97.2	142	4	0	1	143	1	142	-1	0
M01498:848:000000000-K2NBK:1:2102:13453:15539;size=1	OTU_52	98.6	142	2	0	1	143	1	142	-1	0
M01498:848:000000000-K2NBK:1:2102:13198:13045;size=1	OTU_438	97.2	142	4	0	1	142	1	142	-1	0
M01498:848:000000000-K2NBK:1:2102:14308:7117;size=1	OTU_716	97.2	142	4	0	1	142	1	142	-1	0
M01498:848:000000000-K2NBK:1:2102:14558:10394;size=1	OTU_67	97.9	141	3	0	1	141	1	142	-1	0
M01498:848:000000000-K2NBK:1:2102:15375:18627;size=1	OTU_255	100.0	141	0	0	1	141	1	142	-1	0
M01498:848:000000000-K2NBK:1:2102:15172:7185;size=1	OTU_18	98.6	142	1	1	1	141	1	142	-1	0
M01498:848:000000000-K2NBK:1:2102:15896:26966;size=1	OTU_12	99.3	142	1	0	1	142	1	142	-1	0
M01498:848:000000000-K2NBK:1:2102:16085:17509;size=1	OTU_10	97.2	141	4	0	1	141	1	142	-1	0
M01498:848:000000000-K2NBK:1:2102:16634:18686;size=1	OTU_89	99.3	142	1	0	1	142	1	142	-1	0
M01498:848:000000000-K2NBK:1:2102:18772:2228;size=1	OTU_43	100.0	141	0	0	1	141	1	142	-1	0
M01498:848:000000000-K2NBK:1:2102:19855:14136;size=1	OTU_2	98.6	142	2	0	1	142	1	142	-1	0
M01498:848:000000000-K2NBK:1:2102:20098:11903;size=1	OTU_8	99.3	142	1	0	1	142	1	142	-1	0
M01498:848:000000000-K2NBK:1:2102:20269:13263;size=1	OTU_63	99.3	142	1	0	1	142	1	142	-1	0
M01498:848:000000000-K2NBK:1:2102:22487:4164;size=1	OTU_43	98.6	142	1	1	1	141	1	142	-1	0
M01498:848:000000000-K2NBK:1:2102:21603:10983;size=1	OTU_52	100.0	142	0	0	1	142	1	142	-1	0
M01498:848:000000000-K2NBK:1:2102:22526:25009;size=1	OTU_43	99.3	142	1	0	1	142	1	142	-1	0
M01498:848:000000000-K2NBK:1:2102:2162:12075;size=1	OTU_31	98.6	142	2	0	1	142	1	142	-1	0
M01498:848:000000000-K2NBK:1:2102:25147:9949;size=1	OTU_114	100.0	142	0	0	1	142	1	142	-1	0
M01498:848:000000000-K2NBK:1:2102:26396:11432;size=1	OTU_8	99.3	142	1	0	1	142	1	142	-1	0
M01498:848:000000000-K2NBK:1:2102:26646:18650;size=1	OTU_8	99.3	142	1	0	1	142	1	142	-1	0
M01498:848:000000000-K2NBK:1:2102:27366:10550;size=1	OTU_1	99.3	142	1	0	1	142	1	142	-1	0
M01498:848:000000000-K2NBK:1:2102:27370:21422;size=1	OTU_18	99.3	142	1	0	1	142	1	142	-1	0
M01498:848:000000000-K2NBK:1:2102:3975:11741;size=1	OTU_2	99.3	141	1	0	1	141	1	142	-1	0
M01498:848:000000000-K2NBK:1:2102:5606:14965;size=1	OTU_18	99.3	142	1	0	1	142	1	142	-1	0
M01498:848:000000000-K2NBK:1:2102:6082:20331;size=1	OTU_16	99.3	140	1	0	1	140	1	142	-1	0
M01498:848:000000000-K2NBK:1:2102:6253:22170;size=1	OTU_144	99.3	142	1	0	1	142	1	142	-1	0
M01498:848:000000000-K2NBK:1:2102:7451:19219;size=1	OTU_716	97.2	142	4	0	1	142	1	142	-1	0
M01498:848:000000000-K2NBK:1:2102:6879:10597;size=1	OTU_2	99.3	141	1	0	1	141	1	142	-1	0
M01498:848:000000000-K2NBK:1:2102:8106:18217;size=1	OTU_188	99.3	142	1	0	1	142	1	142	-1	0
M01498:848:000000000-K2NBK:1:2102:8712:14687;size=1	OTU_119	100.0	142	0	0	1	142	1	142	-1	0
M01498:848:000000000-K2NBK:1:2102:9528:25113;size=1	OTU_2	99.3	142	1	0	1	142	1	142	-1	0
M01498:848:000000000-K2NBK:1:2102:9981:27999;size=1	OTU_39	98.6	142	2	0	1	142	1	142	-1	0
M01498:848:000000000-K2NBK:1:2103:10142:4076;size=1	OTU_76	99.3	142	1	0	1	142	1	142	-1	0
M01498:848:000000000-K2NBK:1:2103:11107:5795;size=1	OTU_5	98.6	140	2	0	1	140	1	142	-1	0
M01498:848:000000000-K2NBK:1:2103:13889:29082;size=1	OTU_716	97.2	142	4	0	1	142	1	142	-1	0
M01498:848:000000000-K2NBK:1:2103:12868:10362;size=1	OTU_7	99.3	142	1	0	1	142	1	142	-1	0
M01498:848:000000000-K2NBK:1:2103:15098:26577;size=1	OTU_1	98.6	142	2	0	1	142	1	142	-1	0
M01498:848:000000000-K2NBK:1:2103:17745:2561;size=1	OTU_165	98.6	142	2	0	1	142	1	142	-1	0
M01498:848:000000000-K2NBK:1:2103:19333:17627;size=1	OTU_38	99.3	142	1	0	1	142	1	142	-1	0
M01498:848:000000000-K2NBK:1:2103:16727:25066;size=1	OTU_5	99.3	141	1	0	1	141	1	142	-1	0
M01498:848:000000000-K2NBK:1:2103:19603:19984;size=1	OTU_7	98.6	141	2	0	1	141	1	142	-1	0
M01498:848:000000000-K2NBK:1:2103:20138:6026;size=1	OTU_915	97.9	142	3	0	1	142	1	142	-1	0
M01498:848:000000000-K2NBK:1:2103:23195:15062;size=1	OTU_394	97.2	142	4	0	1	142	1	142	-1	0
M01498:848:000000000-K2NBK:1:2103:24096:20608;size=1	OTU_27	99.3	142	1	0	1	142	1	142	-1	0
M01498:848:000000000-K2NBK:1:2103:25927:8842;size=1	OTU_38	98.6	142	2	0	1	142	1	142	-1	0
M01498:848:000000000-K2NBK:1:2103:27018:23188;size=1	OTU_61	99.3	142	1	0	1	142	1	142	-1	0
M01498:848:000000000-K2NBK:1:2103:3601:21719;size=1	OTU_142	99.3	142	1	0	1	142	1	142	-1	0
M01498:848:000000000-K2NBK:1:2103:8952:6012;size=1	OTU_8	99.3	142	1	0	1	142	1	142	-1	0
M01498:848:000000000-K2NBK:1:2103:8964:9060;size=1	OTU_56	99.3	142	1	0	1	142	1	142	-1	0
M01498:848:000000000-K2NBK:1:2104:12427:9139;size=1	OTU_8	98.6	142	2	0	1	142	1	142	-1	0
M01498:848:000000000-K2NBK:1:2104:12291:27347;size=1	OTU_145	98.6	142	2	0	1	142	1	142	-1	0
M01498:848:000000000-K2NBK:1:2104:17638:28496;size=1	OTU_81	100.0	142	0	0	1	142	1	142	-1	0
M01498:848:000000000-K2NBK:1:2104:14008:23340;size=1	OTU_18	97.9	142	3	0	1	142	1	142	-1	0
M01498:848:000000000-K2NBK:1:2104:16889:23556;size=1	OTU_38	98.6	142	2	0	1	142	1	142	-1	0
M01498:848:000000000-K2NBK:1:2104:18340:19937;size=1	OTU_1	99.3	142	1	0	1	142	1	142	-1	0
M01498:848:000000000-K2NBK:1:2104:20534:21411;size=1	OTU_111	100.0	141	0	0	1	141	1	142	-1	0
M01498:848:000000000-K2NBK:1:2104:23323:12598;size=1	OTU_19	99.3	142	1	0	1	142	1	142	-1	0
M01498:848:000000000-K2NBK:1:2104:24977:7621;size=1	OTU_27	99.3	142	1	0	1	142	1	142	-1	0
M01498:848:000000000-K2NBK:1:2104:25357:24326;size=1	OTU_10	98.6	141	2	0	1	141	1	142	-1	0
M01498:848:000000000-K2NBK:1:2104:26426:14460;size=1	OTU_27	97.2	142	4	0	1	142	1	142	-1	0
M01498:848:000000000-K2NBK:1:2104:2978:20781;size=1	OTU_31	98.6	142	2	0	1	142	1	142	-1	0
M01498:848:000000000-K2NBK:1:2104:27246:21531;size=1	OTU_54	99.3	142	1	0	1	142	1	142	-1	0
M01498:848:000000000-K2NBK:1:2104:4077:17213;size=1	OTU_63	99.3	142	1	0	1	142	1	142	-1	0
M01498:848:000000000-K2NBK:1:2104:4418:20952;size=1	OTU_85	99.3	142	1	0	1	142	1	142	-1	0
M01498:848:000000000-K2NBK:1:2104:4967:7841;size=1	OTU_716	97.2	142	4	0	1	142	1	142	-1	0
M01498:848:000000000-K2NBK:1:2104:8840:17930;size=1	OTU_18	99.3	142	1	0	1	142	1	142	-1	0
M01498:848:000000000-K2NBK:1:2104:9579:19793;size=1	OTU_54	100.0	142	0	0	1	143	1	142	-1	0
M01498:848:000000000-K2NBK:1:2105:10095:28088;size=1	OTU_59	98.6	142	2	0	1	142	1	142	-1	0
M01498:848:000000000-K2NBK:1:2105:10979:15662;size=1	OTU_1	99.3	141	1	0	1	141	1	142	-1	0
M01498:848:000000000-K2NBK:1:2105:12665:4103;size=1	OTU_8	99.3	142	1	0	1	142	1	142	-1	0
M01498:848:000000000-K2NBK:1:2105:14740:11418;size=1	OTU_388	97.2	141	4	0	1	142	1	141	-1	0
M01498:848:000000000-K2NBK:1:2105:18915:4704;size=1	OTU_274	98.6	141	2	0	1	142	1	141	-1	0
M01498:848:000000000-K2NBK:1:2105:19894:15790;size=1	OTU_39	99.3	142	1	0	1	142	1	142	-1	0
M01498:848:000000000-K2NBK:1:2105:19498:22373;size=1	OTU_489	97.9	142	3	0	1	142	1	142	-1	0
M01498:848:000000000-K2NBK:1:2105:19445:6478;size=1	OTU_18	98.6	142	2	0	1	142	1	142	-1	0
M01498:848:000000000-K2NBK:1:2105:13021:22436;size=1	OTU_18	99.3	142	1	0	1	142	1	142	-1	0
M01498:848:000000000-K2NBK:1:2105:18032:13473;size=1	OTU_18	100.0	142	0	0	1	143	1	142	-1	0
M01498:848:000000000-K2NBK:1:2105:21613:19668;size=1	OTU_915	98.6	140	2	0	1	140	1	142	-1	0
M01498:848:000000000-K2NBK:1:2105:20793:12935;size=1	OTU_2	99.3	142	1	0	1	142	1	142	-1	0
M01498:848:000000000-K2NBK:1:2105:20062:9318;size=1	OTU_18	100.0	141	0	0	1	141	1	142	-1	0
M01498:848:000000000-K2NBK:1:2105:22022:16955;size=1	OTU_22	97.9	142	3	0	1	142	1	142	-1	0
M01498:848:000000000-K2NBK:1:2105:25911:22504;size=1	OTU_38	99.3	142	1	0	1	142	1	142	-1	0
M01498:848:000000000-K2NBK:1:2105:26387:18294;size=1	OTU_130	99.3	142	1	0	1	142	1	142	-1	0
M01498:848:000000000-K2NBK:1:2105:26494:6713;size=1	OTU_26	100.0	142	0	0	1	142	1	142	-1	0
M01498:848:000000000-K2NBK:1:2105:3227:19429;size=1	OTU_31	99.3	142	1	0	1	142	1	142	-1	0
M01498:848:000000000-K2NBK:1:2105:26993:14506;size=1	OTU_230	98.6	142	2	0	1	142	1	142	-1	0
M01498:848:000000000-K2NBK:1:2105:5028:11258;size=1	OTU_601	100.0	142	0	0	1	142	1	142	-1	0
M01498:848:000000000-K2NBK:1:2105:5537:11338;size=1	OTU_274	97.9	141	3	0	1	141	1	141	-1	0
M01498:848:000000000-K2NBK:1:2105:9268:6232;size=1	OTU_438	97.9	142	3	0	1	142	1	142	-1	0
M01498:848:000000000-K2NBK:1:2105:9318:13458;size=1	OTU_8	98.6	142	2	0	1	142	1	142	-1	0
M01498:848:000000000-K2NBK:1:2105:9763:23463;size=1	OTU_6	99.3	142	1	0	1	142	1	142	-1	0
M01498:848:000000000-K2NBK:1:2106:10070:6177;size=1	OTU_27	99.3	140	1	0	1	140	1	142	-1	0
M01498:848:000000000-K2NBK:1:2106:13183:4187;size=1	OTU_188	99.3	142	1	0	1	142	1	142	-1	0
M01498:848:000000000-K2NBK:1:2106:13239:12491;size=1	OTU_10	98.6	141	2	0	1	141	1	142	-1	0
M01498:848:000000000-K2NBK:1:2106:14682:4883;size=1	OTU_31	99.3	142	1	0	1	142	1	142	-1	0
M01498:848:000000000-K2NBK:1:2106:14884:20244;size=1	OTU_19	98.6	142	2	0	1	142	1	142	-1	0
M01498:848:000000000-K2NBK:1:2106:15271:11617;size=1	OTU_54	99.3	142	1	0	1	142	1	142	-1	0
M01498:848:000000000-K2NBK:1:2106:16248:11613;size=1	OTU_1	99.3	142	1	0	1	142	1	142	-1	0
M01498:848:000000000-K2NBK:1:2106:16310:23232;size=1	OTU_113	99.3	142	1	0	1	142	1	142	-1	0
M01498:848:000000000-K2NBK:1:2106:17022:24507;size=1	OTU_2	100.0	139	0	0	1	139	1	142	-1	0
M01498:848:000000000-K2NBK:1:2106:18316:9742;size=1	OTU_1	99.3	142	1	0	1	142	1	142	-1	0
M01498:848:000000000-K2NBK:1:2106:18410:25270;size=1	OTU_65	98.6	142	2	0	1	142	1	142	-1	0
M01498:848:000000000-K2NBK:1:2106:19707:1964;size=1	OTU_94	99.3	142	1	0	1	142	1	142	-1	0
M01498:848:000000000-K2NBK:1:2106:19907:5422;size=1	OTU_68	100.0	142	0	0	1	142	1	142	-1	0
M01498:848:000000000-K2NBK:1:2106:19909:21049;size=1	OTU_716	97.2	142	4	0	1	142	1	142	-1	0
M01498:848:000000000-K2NBK:1:2106:22678:3559;size=1	OTU_8	99.3	142	1	0	1	142	1	142	-1	0
M01498:848:000000000-K2NBK:1:2106:23052:17362;size=1	OTU_2	98.6	142	2	0	1	142	1	142	-1	0
M01498:848:000000000-K2NBK:1:2106:2306:14615;size=1	OTU_164	99.3	142	1	0	1	142	1	142	-1	0
M01498:848:000000000-K2NBK:1:2106:23851:18939;size=1	OTU_188	99.3	142	1	0	1	143	1	142	-1	0
M01498:848:000000000-K2NBK:1:2106:24458:6889;size=1	OTU_5	97.9	142	3	0	1	142	1	142	-1	0
M01498:848:000000000-K2NBK:1:2106:24479:14813;size=1	OTU_145	98.6	142	2	0	1	142	1	142	-1	0
M01498:848:000000000-K2NBK:1:2106:25082:8185;size=1	OTU_27	99.3	142	1	0	1	142	1	142	-1	0
M01498:848:000000000-K2NBK:1:2106:25352:9262;size=1	OTU_18	99.3	142	1	0	1	142	1	142	-1	0
M01498:848:000000000-K2NBK:1:2106:26709:23272;size=1	OTU_18	99.3	140	1	0	1	140	1	142	-1	0
M01498:848:000000000-K2NBK:1:2106:3770:8434;size=1	OTU_144	97.9	140	3	0	1	140	1	142	-1	0
M01498:848:000000000-K2NBK:1:2106:28650:18630;size=1	OTU_378	97.9	141	3	0	1	141	1	142	-1	0
M01498:848:000000000-K2NBK:1:2106:4774:17772;size=1	OTU_8	99.3	142	1	0	1	142	1	142	-1	0
M01498:848:000000000-K2NBK:1:2106:6659:6101;size=1	OTU_130	99.3	142	1	0	1	142	1	142	-1	0
M01498:848:000000000-K2NBK:1:2106:6077:10973;size=1	OTU_59	98.6	142	2	0	1	142	1	142	-1	0
M01498:848:000000000-K2NBK:1:2107:10398:12998;size=1	OTU_14	97.1	140	4	0	1	140	1	140	-1	0
M01498:848:000000000-K2NBK:1:2107:11949:6513;size=1	OTU_11	98.6	142	2	0	1	142	1	142	-1	0
M01498:848:000000000-K2NBK:1:2107:12892:14458;size=1	OTU_144	98.6	142	2	0	1	142	1	142	-1	0
M01498:848:000000000-K2NBK:1:2107:14033:4367;size=1	OTU_716	97.2	142	4	0	1	142	1	142	-1	0
M01498:848:000000000-K2NBK:1:2107:14218:16379;size=1	OTU_230	98.6	142	2	0	1	142	1	142	-1	0
M01498:848:000000000-K2NBK:1:2107:14410:5033;size=1	OTU_145	98.6	142	2	0	1	142	1	142	-1	0
M01498:848:000000000-K2NBK:1:2107:16150:7627;size=1	OTU_716	97.2	142	4	0	1	142	1	142	-1	0
M01498:848:000000000-K2NBK:1:2107:16715:15963;size=1	OTU_302	99.3	142	1	0	1	142	1	142	-1	0
M01498:848:000000000-K2NBK:1:2107:16171:2993;size=1	OTU_9	99.3	142	1	0	1	142	1	142	-1	0
M01498:848:000000000-K2NBK:1:2107:16953:17123;size=1	OTU_121	98.6	142	2	0	1	142	1	142	-1	0
M01498:848:000000000-K2NBK:1:2107:19120:17495;size=1	OTU_8	99.3	142	1	0	1	142	1	142	-1	0
M01498:848:000000000-K2NBK:1:2107:20401:14214;size=1	OTU_163	99.3	142	1	0	1	142	1	142	-1	0
M01498:848:000000000-K2NBK:1:2107:20680:8037;size=1	OTU_200	99.3	142	1	0	1	142	1	142	-1	0
M01498:848:000000000-K2NBK:1:2107:21082:14957;size=1	OTU_58	97.2	142	4	0	1	142	1	142	-1	0
M01498:848:000000000-K2NBK:1:2107:21963:7255;size=1	OTU_150	98.6	142	1	1	1	141	1	142	-1	0
M01498:848:000000000-K2NBK:1:2107:23131:8522;size=1	OTU_2	99.3	141	1	0	1	141	1	142	-1	0
M01498:848:000000000-K2NBK:1:2107:23386:21667;size=1	OTU_22	98.6	142	2	0	1	142	1	142	-1	0
M01498:848:000000000-K2NBK:1:2107:24107:22549;size=1	OTU_8	99.3	142	1	0	1	142	1	142	-1	0
M01498:848:000000000-K2NBK:1:2107:24731:17426;size=1	OTU_320	97.2	142	4	0	1	142	1	142	-1	0
M01498:848:000000000-K2NBK:1:2107:3434:9953;size=1	OTU_27	99.3	142	1	0	1	142	1	142	-1	0
M01498:848:000000000-K2NBK:1:2107:24227:19416;size=1	OTU_85	99.3	142	1	0	1	142	1	142	-1	0
M01498:848:000000000-K2NBK:1:2107:3843:16654;size=1	OTU_150	99.3	142	1	0	1	142	1	142	-1	0
M01498:848:000000000-K2NBK:1:2107:5213:14303;size=1	OTU_38	98.6	142	2	0	1	142	1	142	-1	0
M01498:848:000000000-K2NBK:1:2107:5813:10949;size=1	OTU_132	99.3	142	1	0	1	142	1	142	-1	0
M01498:848:000000000-K2NBK:1:2107:7892:3816;size=1	OTU_18	99.3	141	1	0	1	141	1	142	-1	0
M01498:848:000000000-K2NBK:1:2107:7327:20705;size=1	OTU_18	99.3	142	1	0	1	142	1	142	-1	0
M01498:848:000000000-K2NBK:1:2107:8432:24674;size=1	OTU_179	100.0	142	0	0	1	142	1	142	-1	0
M01498:848:000000000-K2NBK:1:2107:8795:19452;size=1	OTU_54	99.3	142	1	0	1	142	1	142	-1	0
M01498:848:000000000-K2NBK:1:2107:9070:18142;size=1	OTU_378	97.2	142	4	0	1	142	1	142	-1	0
M01498:848:000000000-K2NBK:1:2107:9217:6846;size=1	OTU_31	98.6	142	2	0	1	142	1	142	-1	0
M01498:848:000000000-K2NBK:1:2107:9731:16391;size=1	OTU_28	99.3	142	1	0	1	142	1	142	-1	0
M01498:848:000000000-K2NBK:1:2107:9958:20373;size=1	OTU_61	99.3	142	1	0	1	143	1	142	-1	0
M01498:848:000000000-K2NBK:1:2108:10402:20475;size=1	OTU_18	99.3	142	1	0	1	142	1	142	-1	0
M01498:848:000000000-K2NBK:1:2108:10676:9794;size=1	OTU_255	98.6	142	2	0	1	142	1	142	-1	0
M01498:848:000000000-K2NBK:1:2108:11264:4510;size=1	OTU_63	99.3	142	1	0	1	142	1	142	-1	0
M01498:848:000000000-K2NBK:1:2108:11710:7308;size=1	OTU_31	99.3	141	1	0	1	141	1	142	-1	0
M01498:848:000000000-K2NBK:1:2108:12205:22939;size=1	OTU_18	99.3	142	1	0	1	142	1	142	-1	0
M01498:848:000000000-K2NBK:1:2108:12407:11118;size=1	OTU_18	97.1	140	4	0	1	140	1	142	-1	0
M01498:848:000000000-K2NBK:1:2108:13218:23940;size=1	OTU_60	97.9	142	3	0	1	142	1	142	-1	0
M01498:848:000000000-K2NBK:1:2108:12301:5197;size=1	OTU_1	99.3	142	1	0	1	142	1	142	-1	0
M01498:848:000000000-K2NBK:1:2108:13814:19622;size=1	OTU_12	97.9	142	3	0	1	142	1	142	-1	0
M01498:848:000000000-K2NBK:1:2108:14149:3051;size=1	OTU_1	99.3	142	1	0	1	142	1	142	-1	0
M01498:848:000000000-K2NBK:1:2108:14580:13044;size=1	OTU_156	99.3	142	1	0	1	142	1	142	-1	0
M01498:848:000000000-K2NBK:1:2108:16560:16095;size=1	OTU_38	97.9	142	3	0	1	142	1	142	-1	0
M01498:848:000000000-K2NBK:1:2108:16763:21440;size=1	OTU_142	100.0	142	0	0	1	142	1	142	-1	0
M01498:848:000000000-K2NBK:1:2108:17298:25885;size=1	OTU_89	99.3	142	1	0	1	142	1	142	-1	0
M01498:848:000000000-K2NBK:1:2108:19809:3281;size=1	OTU_1	99.3	142	1	0	1	142	1	142	-1	0
M01498:848:000000000-K2NBK:1:2108:18383:15198;size=1	OTU_35	100.0	142	0	0	1	142	1	142	-1	0
M01498:848:000000000-K2NBK:1:2108:20317:9959;size=1	OTU_7	99.3	142	1	0	1	142	1	142	-1	0
M01498:848:000000000-K2NBK:1:2108:20331:9476;size=1	OTU_17	99.3	142	1	0	1	142	1	142	-1	0
M01498:848:000000000-K2NBK:1:2108:20772:21208;size=1	OTU_28	97.9	142	3	0	1	142	1	142	-1	0
M01498:848:000000000-K2NBK:1:2108:21156:11308;size=1	OTU_1	99.3	142	1	0	1	142	1	142	-1	0
M01498:848:000000000-K2NBK:1:2108:21431:19983;size=1	OTU_18	98.6	142	2	0	1	142	1	142	-1	0
M01498:848:000000000-K2NBK:1:2108:21399:7316;size=1	OTU_716	97.2	142	4	0	1	142	1	142	-1	0
M01498:848:000000000-K2NBK:1:2108:21441:12500;size=1	OTU_31	98.6	142	2	0	1	142	1	142	-1	0
M01498:848:000000000-K2NBK:1:2108:21530:25959;size=1	OTU_24	99.3	142	1	0	1	142	1	142	-1	0
M01498:848:000000000-K2NBK:1:2108:22003:16364;size=1	OTU_381	97.2	142	4	0	1	142	1	142	-1	0
M01498:848:000000000-K2NBK:1:2108:22358:20071;size=1	OTU_18	98.6	142	2	0	1	142	1	142	-1	0
M01498:848:000000000-K2NBK:1:2108:22516:16879;size=1	OTU_31	98.6	142	2	0	1	142	1	142	-1	0
M01498:848:000000000-K2NBK:1:2108:23237:12816;size=1	OTU_16	98.6	142	1	1	1	141	1	142	-1	0
M01498:848:000000000-K2NBK:1:2108:22742:11990;size=1	OTU_22	99.3	142	1	0	1	142	1	142	-1	0
M01498:848:000000000-K2NBK:1:2108:23800:26403;size=1	OTU_18	99.3	142	1	0	1	142	1	142	-1	0
M01498:848:000000000-K2NBK:1:2108:24023:8066;size=1	OTU_469	99.3	142	1	0	1	142	1	142	-1	0
M01498:848:000000000-K2NBK:1:2108:24618:15277;size=1	OTU_130	99.3	142	1	0	1	142	1	142	-1	0
M01498:848:000000000-K2NBK:1:2108:23954:12809;size=1	OTU_94	100.0	142	0	0	1	142	1	142	-1	0
M01498:848:000000000-K2NBK:1:2108:24180:7515;size=1	OTU_1	99.3	142	1	0	1	142	1	142	-1	0
M01498:848:000000000-K2NBK:1:2108:25244:6417;size=1	OTU_96	100.0	142	0	0	1	142	1	142	-1	0
M01498:848:000000000-K2NBK:1:2108:24758:21201;size=1	OTU_27	99.3	142	1	0	1	142	1	142	-1	0
M01498:848:000000000-K2NBK:1:2108:25279:18359;size=1	OTU_1	98.6	142	2	0	1	142	1	142	-1	0
M01498:848:000000000-K2NBK:1:2108:26190:21837;size=1	OTU_89	99.3	142	1	0	1	142	1	142	-1	0
M01498:848:000000000-K2NBK:1:2108:27646:12691;size=1	OTU_36	100.0	142	0	0	1	142	1	142	-1	0
M01498:848:000000000-K2NBK:1:2108:3984:22429;size=1	OTU_34	99.3	142	1	0	1	142	1	142	-1	0
M01498:848:000000000-K2NBK:1:2108:4582:10439;size=1	OTU_1	99.3	142	1	0	1	142	1	142	-1	0
M01498:848:000000000-K2NBK:1:2108:5025:7487;size=1	OTU_1	99.3	142	1	0	1	142	1	142	-1	0
M01498:848:000000000-K2NBK:1:2108:6485:23887;size=1	OTU_27	99.3	142	1	0	1	142	1	142	-1	0
M01498:848:000000000-K2NBK:1:2108:6569:24771;size=1	OTU_145	97.2	142	4	0	1	142	1	142	-1	0
M01498:848:000000000-K2NBK:1:2108:7139:13006;size=1	OTU_8	97.9	142	3	0	1	142	1	142	-1	0
M01498:848:000000000-K2NBK:1:2109:10371:22494;size=1	OTU_19	97.9	142	3	0	1	142	1	142	-1	0
M01498:848:000000000-K2NBK:1:2109:14080:3294;size=1	OTU_145	97.9	142	3	0	1	142	1	142	-1	0
M01498:848:000000000-K2NBK:1:2108:8700:13381;size=1	OTU_1	99.3	142	1	0	1	142	1	142	-1	0
M01498:848:000000000-K2NBK:1:2109:16148:10748;size=1	OTU_73	98.6	142	2	0	1	142	1	142	-1	0
M01498:848:000000000-K2NBK:1:2109:15591:16459;size=1	OTU_2	99.3	142	1	0	1	142	1	142	-1	0
M01498:848:000000000-K2NBK:1:2109:16405:26802;size=1	OTU_18	99.3	142	1	0	1	142	1	142	-1	0
M01498:848:000000000-K2NBK:1:2109:17209:5548;size=1	OTU_265	99.3	142	1	0	1	142	1	142	-1	0
M01498:848:000000000-K2NBK:1:2109:17403:18344;size=1	OTU_716	97.2	142	4	0	1	142	1	142	-1	0
M01498:848:000000000-K2NBK:1:2109:18170:15628;size=1	OTU_85	99.3	142	1	0	1	142	1	142	-1	0
M01498:848:000000000-K2NBK:1:2109:19751:10210;size=1	OTU_34	99.3	142	1	0	1	142	1	142	-1	0
M01498:848:000000000-K2NBK:1:2109:1833:16780;size=1	OTU_107	98.6	142	2	0	1	142	1	142	-1	0
M01498:848:000000000-K2NBK:1:2109:20190:12101;size=1	OTU_145	98.6	142	2	0	1	142	1	142	-1	0
M01498:848:000000000-K2NBK:1:2109:22995:12294;size=1	OTU_46	100.0	142	0	0	1	142	1	142	-1	0
M01498:848:000000000-K2NBK:1:2109:23987:8427;size=1	OTU_320	97.2	142	4	0	1	142	1	142	-1	0
M01498:848:000000000-K2NBK:1:2109:25215:13381;size=1	OTU_172	97.2	142	4	0	1	142	1	142	-1	0
M01498:848:000000000-K2NBK:1:2109:27260:23106;size=1	OTU_130	97.2	142	4	0	1	142	1	142	-1	0
M01498:848:000000000-K2NBK:1:2109:25414:13617;size=1	OTU_18	99.3	142	1	0	1	142	1	142	-1	0
M01498:848:000000000-K2NBK:1:2109:4469:17027;size=1	OTU_18	99.3	142	0	1	1	141	1	142	-1	0
M01498:848:000000000-K2NBK:1:2109:7164:21562;size=1	OTU_716	97.2	142	4	0	1	142	1	142	-1	0
M01498:848:000000000-K2NBK:1:2109:9418:24702;size=1	OTU_85	99.3	142	1	0	1	142	1	142	-1	0
M01498:848:000000000-K2NBK:1:2110:11425:10995;size=1	OTU_8	99.3	142	1	0	1	142	1	142	-1	0
M01498:848:000000000-K2NBK:1:2110:11496:9493;size=1	OTU_5	97.9	142	3	0	1	142	1	142	-1	0
M01498:848:000000000-K2NBK:1:2110:11526:25317;size=1	OTU_168	98.6	141	2	0	1	141	1	142	-1	0
M01498:848:000000000-K2NBK:1:2110:12021:25745;size=1	OTU_59	99.3	142	1	0	1	142	1	142	-1	0
M01498:848:000000000-K2NBK:1:2110:13939:2498;size=1	OTU_268	98.6	142	2	0	1	142	1	142	-1	0
M01498:848:000000000-K2NBK:1:2110:12226:4558;size=1	OTU_18	98.6	142	2	0	1	142	1	142	-1	0
M01498:848:000000000-K2NBK:1:2110:14365:13394;size=1	OTU_156	99.3	142	1	0	1	142	1	142	-1	0
M01498:848:000000000-K2NBK:1:2110:14735:28698;size=1	OTU_18	97.9	142	3	0	1	142	1	142	-1	0
M01498:848:000000000-K2NBK:1:2110:16305:22295;size=1	OTU_14	98.6	139	2	0	1	140	1	140	-1	0
M01498:848:000000000-K2NBK:1:2110:16989:8767;size=1	OTU_54	99.3	142	1	0	1	142	1	142	-1	0
M01498:848:000000000-K2NBK:1:2110:17089:15983;size=1	OTU_40	97.2	141	4	0	1	141	1	142	-1	0
M01498:848:000000000-K2NBK:1:2110:17428:11620;size=1	OTU_19	99.3	142	1	0	1	142	1	142	-1	0
M01498:848:000000000-K2NBK:1:2110:17620:3359;size=1	OTU_58	97.9	142	3	0	1	142	1	142	-1	0
M01498:848:000000000-K2NBK:1:2110:18427:8631;size=1	OTU_536	98.6	141	2	0	1	141	1	142	-1	0
M01498:848:000000000-K2NBK:1:2110:18970:22239;size=1	OTU_8	98.6	142	2	0	1	142	1	142	-1	0
M01498:848:000000000-K2NBK:1:2110:18972:24778;size=1	OTU_8	99.3	142	1	0	1	142	1	142	-1	0
M01498:848:000000000-K2NBK:1:2110:18998:28625;size=1	OTU_716	97.2	142	4	0	1	142	1	142	-1	0
M01498:848:000000000-K2NBK:1:2110:19187:18258;size=1	OTU_156	99.3	142	1	0	1	142	1	142	-1	0
M01498:848:000000000-K2NBK:1:2110:19523:10564;size=1	OTU_1	99.3	142	1	0	1	142	1	142	-1	0
M01498:848:000000000-K2NBK:1:2110:19811:2268;size=1	OTU_392	100.0	142	0	0	1	142	1	142	-1	0
M01498:848:000000000-K2NBK:1:2110:21194:13444;size=1	OTU_1	98.6	142	2	0	1	142	1	142	-1	0
M01498:848:000000000-K2NBK:1:2110:21724:21037;size=1	OTU_35	99.3	140	1	0	1	140	1	142	-1	0
M01498:848:000000000-K2NBK:1:2110:22271:26842;size=1	OTU_1	99.3	142	1	0	1	142	1	142	-1	0
M01498:848:000000000-K2NBK:1:2110:21889:11464;size=1	OTU_19	99.3	142	1	0	1	142	1	142	-1	0
M01498:848:000000000-K2NBK:1:2110:23054:24616;size=1	OTU_58	97.9	142	3	0	1	142	1	142	-1	0
M01498:848:000000000-K2NBK:1:2110:23491:21139;size=1	OTU_85	99.3	142	1	0	1	142	1	142	-1	0
M01498:848:000000000-K2NBK:1:2110:25410:6832;size=1	OTU_130	99.3	142	1	0	1	142	1	142	-1	0
M01498:848:000000000-K2NBK:1:2110:24364:25123;size=1	OTU_145	97.9	142	3	0	1	142	1	142	-1	0
M01498:848:000000000-K2NBK:1:2110:25800:12256;size=1	OTU_27	99.3	142	1	0	1	142	1	142	-1	0
M01498:848:000000000-K2NBK:1:2110:26587:10315;size=1	OTU_144	98.6	142	2	0	1	142	1	142	-1	0
M01498:848:000000000-K2NBK:1:2110:26815:9181;size=1	OTU_28	99.3	142	1	0	1	142	1	142	-1	0
M01498:848:000000000-K2NBK:1:2110:27202:9203;size=1	OTU_7	99.3	142	1	0	1	142	1	142	-1	0
M01498:848:000000000-K2NBK:1:2110:5136:23222;size=1	OTU_1064	97.2	142	3	1	1	142	1	141	-1	0
M01498:848:000000000-K2NBK:1:2110:5152:23211;size=1	OTU_12	97.2	142	4	0	1	142	1	142	-1	0
M01498:848:000000000-K2NBK:1:2110:7122:12964;size=1	OTU_10	97.9	142	3	0	1	142	1	142	-1	0
M01498:848:000000000-K2NBK:1:2110:7313:9934;size=1	OTU_8	99.3	142	1	0	1	142	1	142	-1	0
M01498:848:000000000-K2NBK:1:2110:7817:23137;size=1	OTU_107	97.2	142	4	0	1	142	1	142	-1	0
M01498:848:000000000-K2NBK:1:2111:10557:16395;size=1	OTU_18	99.3	142	1	0	1	142	1	142	-1	0
M01498:848:000000000-K2NBK:1:2111:13065:15763;size=1	OTU_27	99.3	142	1	0	1	142	1	142	-1	0
M01498:848:000000000-K2NBK:1:2111:13826:27543;size=1	OTU_18	98.6	142	2	0	1	143	1	142	-1	0
M01498:848:000000000-K2NBK:1:2111:14310:25917;size=1	OTU_34	99.3	142	1	0	1	142	1	142	-1	0
M01498:848:000000000-K2NBK:1:2111:15079:10611;size=1	OTU_34	99.3	142	1	0	1	142	1	142	-1	0
M01498:848:000000000-K2NBK:1:2111:15594:15922;size=1	OTU_230	97.2	142	4	0	1	142	1	142	-1	0
M01498:848:000000000-K2NBK:1:2111:16488:22700;size=1	OTU_1	99.3	142	0	1	1	141	1	142	-1	0
M01498:848:000000000-K2NBK:1:2111:18667:20206;size=1	OTU_16	99.3	142	1	0	1	142	1	142	-1	0
M01498:848:000000000-K2NBK:1:2111:26353:16688;size=1	OTU_18	98.6	142	2	0	1	142	1	142	-1	0
M01498:848:000000000-K2NBK:1:2111:16899:24671;size=1	OTU_28	100.0	140	0	0	1	140	1	142	-1	0
M01498:848:000000000-K2NBK:1:2111:6154:11001;size=1	OTU_22	98.6	142	2	0	1	142	1	142	-1	0
M01498:848:000000000-K2NBK:1:2111:21549:11131;size=1	OTU_145	97.9	141	3	0	1	141	1	142	-1	0
M01498:848:000000000-K2NBK:1:2111:4510:21346;size=1	OTU_191	99.3	142	1	0	1	142	1	142	-1	0
M01498:848:000000000-K2NBK:1:2111:21007:21562;size=1	OTU_460	98.6	142	2	0	1	142	1	142	-1	0
M01498:848:000000000-K2NBK:1:2111:8094:26206;size=1	OTU_8	99.3	141	1	0	1	141	1	142	-1	0
M01498:848:000000000-K2NBK:1:2111:19024:21455;size=1	OTU_24	97.9	142	3	0	1	142	1	142	-1	0
M01498:848:000000000-K2NBK:1:2111:8399:25807;size=1	OTU_38	98.6	142	2	0	1	142	1	142	-1	0
M01498:848:000000000-K2NBK:1:2112:10088:20635;size=1	OTU_15	97.2	142	4	0	1	142	1	142	-1	0
M01498:848:000000000-K2NBK:1:2112:11027:2650;size=1	OTU_18	99.3	142	1	0	1	142	1	142	-1	0
M01498:848:000000000-K2NBK:1:2112:11394:19820;size=1	OTU_150	99.3	142	1	0	1	142	1	142	-1	0
M01498:848:000000000-K2NBK:1:2112:12317:15715;size=1	OTU_264	100.0	142	0	0	1	142	1	142	-1	0
M01498:848:000000000-K2NBK:1:2112:13245:14171;size=1	OTU_18	99.3	142	1	0	1	142	1	142	-1	0
M01498:848:000000000-K2NBK:1:2112:14151:18792;size=1	OTU_34	99.3	142	1	0	1	142	1	142	-1	0
M01498:848:000000000-K2NBK:1:2112:15857:8325;size=1	OTU_374	100.0	142	0	0	1	142	1	142	-1	0
M01498:848:000000000-K2NBK:1:2112:13705:9865;size=1	OTU_58	99.3	142	1	0	1	142	1	142	-1	0
M01498:848:000000000-K2NBK:1:2112:15803:3539;size=1	OTU_38	98.6	142	2	0	1	142	1	142	-1	0
M01498:848:000000000-K2NBK:1:2112:15995:2915;size=1	OTU_1062	97.2	142	4	0	1	142	1	142	-1	0
M01498:848:000000000-K2NBK:1:2112:16179:11307;size=1	OTU_34	99.3	142	1	0	1	142	1	142	-1	0
M01498:848:000000000-K2NBK:1:2112:16275:23863;size=1	OTU_270	98.6	142	2	0	1	142	1	142	-1	0
M01498:848:000000000-K2NBK:1:2112:16714:19507;size=1	OTU_145	97.9	142	3	0	1	142	1	142	-1	0
M01498:848:000000000-K2NBK:1:2112:17304:26791;size=1	OTU_107	99.3	142	1	0	1	142	1	142	-1	0
M01498:848:000000000-K2NBK:1:2112:17465:5954;size=1	OTU_18	98.6	142	2	0	1	142	1	142	-1	0
M01498:848:000000000-K2NBK:1:2112:18191:24446;size=1	OTU_255	97.9	141	3	0	1	141	1	142	-1	0
M01498:848:000000000-K2NBK:1:2112:21071:5606;size=1	OTU_18	99.3	142	1	0	1	142	1	142	-1	0
M01498:848:000000000-K2NBK:1:2112:21216:27376;size=1	OTU_27	99.3	142	1	0	1	142	1	142	-1	0
M01498:848:000000000-K2NBK:1:2112:21440:23210;size=1	OTU_320	97.2	142	4	0	1	142	1	142	-1	0
M01498:848:000000000-K2NBK:1:2112:21870:13769;size=1	OTU_31	99.3	142	1	0	1	142	1	142	-1	0
M01498:848:000000000-K2NBK:1:2112:21951:20850;size=1	OTU_27	99.3	142	1	0	1	142	1	142	-1	0
M01498:848:000000000-K2NBK:1:2112:22605:5867;size=1	OTU_18	99.3	142	1	0	1	142	1	142	-1	0
M01498:848:000000000-K2NBK:1:2112:23108:11705;size=1	OTU_150	98.6	142	2	0	1	142	1	142	-1	0
M01498:848:000000000-K2NBK:1:2112:24321:16879;size=1	OTU_14	98.6	140	2	0	1	142	1	140	-1	0
M01498:848:000000000-K2NBK:1:2112:24595:17218;size=1	OTU_378	97.2	142	4	0	1	142	1	142	-1	0
M01498:848:000000000-K2NBK:1:2112:25337:16758;size=1	OTU_209	99.3	142	1	0	1	142	1	142	-1	0
M01498:848:000000000-K2NBK:1:2112:25635:8862;size=1	OTU_8	99.3	142	1	0	1	142	1	142	-1	0
M01498:848:000000000-K2NBK:1:2112:27640:20812;size=1	OTU_1	99.3	142	1	0	1	142	1	142	-1	0
M01498:848:000000000-K2NBK:1:2112:25808:9882;size=1	OTU_188	99.3	142	1	0	1	142	1	142	-1	0
M01498:848:000000000-K2NBK:1:2112:26158:10183;size=1	OTU_150	100.0	141	0	0	1	141	1	142	-1	0
M01498:848:000000000-K2NBK:1:2112:4275:11899;size=1	OTU_68	98.6	141	2	0	1	141	1	142	-1	0
M01498:848:000000000-K2NBK:1:2112:4409:13052;size=1	OTU_8	99.3	142	1	0	1	142	1	142	-1	0
M01498:848:000000000-K2NBK:1:2112:4591:20610;size=1	OTU_682	97.9	142	3	0	1	142	1	142	-1	0
M01498:848:000000000-K2NBK:1:2112:5344:11039;size=1	OTU_442	99.3	142	1	0	1	143	1	142	-1	0
M01498:848:000000000-K2NBK:1:2112:6045:11518;size=1	OTU_18	99.3	142	0	1	1	141	1	142	-1	0
M01498:848:000000000-K2NBK:1:2112:8321:20339;size=1	OTU_15	99.3	142	1	0	1	142	1	142	-1	0
M01498:848:000000000-K2NBK:1:2112:8760:16250;size=1	OTU_8	99.3	142	1	0	1	142	1	142	-1	0
M01498:848:000000000-K2NBK:1:2112:9230:12153;size=1	OTU_56	98.6	142	2	0	1	142	1	142	-1	0
M01498:848:000000000-K2NBK:1:2112:8834:17803;size=1	OTU_716	97.2	142	4	0	1	142	1	142	-1	0
M01498:848:000000000-K2NBK:1:2112:9443:15146;size=1	OTU_18	98.6	142	2	0	1	142	1	142	-1	0
M01498:848:000000000-K2NBK:1:2112:9778:11767;size=1	OTU_113	97.2	142	4	0	1	142	1	142	-1	0
M01498:848:000000000-K2NBK:1:2113:10716:7230;size=1	OTU_8	99.3	142	1	0	1	142	1	142	-1	0
M01498:848:000000000-K2NBK:1:2113:11193:18273;size=1	OTU_320	97.2	142	4	0	1	142	1	142	-1	0
M01498:848:000000000-K2NBK:1:2113:11497:10006;size=1	OTU_145	97.9	142	3	0	1	142	1	142	-1	0
M01498:848:000000000-K2NBK:1:2113:11567:4292;size=1	OTU_716	97.2	142	4	0	1	142	1	142	-1	0
M01498:848:000000000-K2NBK:1:2112:21921:12269;size=1	OTU_35	99.3	140	1	0	1	140	1	142	-1	0
M01498:848:000000000-K2NBK:1:2113:14606:17590;size=1	OTU_188	98.6	142	2	0	1	142	1	142	-1	0
M01498:848:000000000-K2NBK:1:2113:14632:28656;size=1	OTU_52	100.0	141	0	0	1	141	1	142	-1	0
M01498:848:000000000-K2NBK:1:2113:15327:19379;size=1	OTU_31	97.9	142	3	0	1	142	1	142	-1	0
M01498:848:000000000-K2NBK:1:2113:15326:10018;size=1	OTU_22	98.6	142	2	0	1	142	1	142	-1	0
M01498:848:000000000-K2NBK:1:2113:15512:6140;size=1	OTU_18	99.3	142	1	0	1	142	1	142	-1	0
M01498:848:000000000-K2NBK:1:2113:15774:28134;size=1	OTU_18	98.6	142	2	0	1	142	1	142	-1	0
M01498:848:000000000-K2NBK:1:2113:17724:28488;size=1	OTU_23	100.0	142	0	0	1	142	1	142	-1	0
M01498:848:000000000-K2NBK:1:2113:20016:12536;size=1	OTU_234	98.6	142	2	0	1	142	1	142	-1	0
M01498:848:000000000-K2NBK:1:2113:20789:19739;size=1	OTU_107	99.3	142	1	0	1	142	1	142	-1	0
M01498:848:000000000-K2NBK:1:2113:11041:26853;size=1	OTU_60	98.6	142	2	0	1	142	1	142	-1	0
M01498:848:000000000-K2NBK:1:2113:21779:19752;size=1	OTU_18	99.3	142	1	0	1	142	1	142	-1	0
M01498:848:000000000-K2NBK:1:2113:22194:13301;size=1	OTU_188	99.3	142	1	0	1	142	1	142	-1	0
M01498:848:000000000-K2NBK:1:2113:22476:11003;size=1	OTU_34	99.3	142	1	0	1	142	1	142	-1	0
M01498:848:000000000-K2NBK:1:2113:23728:15526;size=1	OTU_19	99.3	142	1	0	1	142	1	142	-1	0
M01498:848:000000000-K2NBK:1:2113:24666:25056;size=1	OTU_130	99.3	142	1	0	1	142	1	142	-1	0
M01498:848:000000000-K2NBK:1:2113:25749:16840;size=1	OTU_24	99.3	142	1	0	1	142	1	142	-1	0
M01498:848:000000000-K2NBK:1:2113:28458:19545;size=1	OTU_725	99.3	141	1	0	1	141	1	142	-1	0
M01498:848:000000000-K2NBK:1:2113:3751:9855;size=1	OTU_27	99.3	142	1	0	1	142	1	142	-1	0
M01498:848:000000000-K2NBK:1:2113:5068:7367;size=1	OTU_60	99.3	142	1	0	1	142	1	142	-1	0
M01498:848:000000000-K2NBK:1:2113:5871:14129;size=1	OTU_716	97.2	142	4	0	1	142	1	142	-1	0
M01498:848:000000000-K2NBK:1:2113:7147:13007;size=1	OTU_716	97.2	142	4	0	1	142	1	142	-1	0
M01498:848:000000000-K2NBK:1:2114:10120:26828;size=1	OTU_61	99.3	142	1	0	1	142	1	142	-1	0
M01498:848:000000000-K2NBK:1:2113:7980:12762;size=1	OTU_18	99.3	142	1	0	1	142	1	142	-1	0
M01498:848:000000000-K2NBK:1:2114:10607:2360;size=1	OTU_19	100.0	142	0	0	1	143	1	142	-1	0
M01498:848:000000000-K2NBK:1:2114:10829:7500;size=1	OTU_145	97.9	142	3	0	1	142	1	142	-1	0
M01498:848:000000000-K2NBK:1:2114:12896:12341;size=1	OTU_58	99.3	142	1	0	1	142	1	142	-1	0
M01498:848:000000000-K2NBK:1:2114:15146:18091;size=1	OTU_22	98.6	142	2	0	1	142	1	142	-1	0
M01498:848:000000000-K2NBK:1:2114:15571:6458;size=1	OTU_1317	97.2	142	4	0	1	142	1	142	-1	0
M01498:848:000000000-K2NBK:1:2114:15792:10281;size=1	OTU_410	100.0	141	0	0	1	142	1	141	-1	0
M01498:848:000000000-K2NBK:1:2114:15736:16615;size=1	OTU_1	99.3	142	1	0	1	142	1	142	-1	0
M01498:848:000000000-K2NBK:1:2114:16754:7199;size=1	OTU_153	99.3	142	1	0	1	142	1	142	-1	0
M01498:848:000000000-K2NBK:1:2114:18474:5735;size=1	OTU_27	99.3	142	1	0	1	142	1	142	-1	0
M01498:848:000000000-K2NBK:1:2113:17040:17853;size=1	OTU_164	97.9	142	3	0	1	142	1	142	-1	0
M01498:848:000000000-K2NBK:1:2114:19067:3983;size=1	OTU_12	100.0	142	0	0	1	142	1	142	-1	0
M01498:848:000000000-K2NBK:1:2114:20532:23904;size=1	OTU_31	99.3	142	1	0	1	142	1	142	-1	0
M01498:848:000000000-K2NBK:1:2114:20969:21420;size=1	OTU_394	97.9	141	3	0	1	141	1	142	-1	0
M01498:848:000000000-K2NBK:1:2114:21042:13984;size=1	OTU_18	99.3	142	1	0	1	142	1	142	-1	0
M01498:848:000000000-K2NBK:1:2114:21416:3509;size=1	OTU_76	98.6	142	2	0	1	142	1	142	-1	0
M01498:848:000000000-K2NBK:1:2114:21442:15841;size=1	OTU_107	98.6	142	2	0	1	142	1	142	-1	0
M01498:848:000000000-K2NBK:1:2114:21542:25145;size=1	OTU_8	99.3	142	1	0	1	142	1	142	-1	0
M01498:848:000000000-K2NBK:1:2114:22196:8997;size=1	OTU_8	99.3	142	1	0	1	142	1	142	-1	0
M01498:848:000000000-K2NBK:1:2114:20765:24269;size=1	OTU_107	97.9	142	3	0	1	142	1	142	-1	0
M01498:848:000000000-K2NBK:1:2114:22206:7240;size=1	OTU_107	99.3	141	1	0	1	141	1	142	-1	0
M01498:848:000000000-K2NBK:1:2114:22243:22881;size=1	OTU_18	99.3	142	1	0	1	142	1	142	-1	0
M01498:848:000000000-K2NBK:1:2114:22358:15576;size=1	OTU_14	98.6	140	2	0	1	141	1	140	-1	0
M01498:848:000000000-K2NBK:1:2114:24680:24484;size=1	OTU_8	99.3	141	1	0	1	141	1	142	-1	0
M01498:848:000000000-K2NBK:1:2114:23566:9168;size=1	OTU_110	99.3	142	1	0	1	142	1	142	-1	0
M01498:848:000000000-K2NBK:1:2114:26010:11153;size=1	OTU_145	97.9	142	3	0	1	142	1	142	-1	0
M01498:848:000000000-K2NBK:1:2114:27614:9010;size=1	OTU_7	99.3	142	1	0	1	143	1	142	-1	0
M01498:848:000000000-K2NBK:1:2114:28984:16285;size=1	OTU_19	99.3	141	1	0	1	141	1	142	-1	0
M01498:848:000000000-K2NBK:1:2114:3209:20646;size=1	OTU_1126	97.2	142	4	0	1	142	1	142	-1	0
M01498:848:000000000-K2NBK:1:2114:3466:16719;size=1	OTU_150	99.3	142	1	0	1	142	1	142	-1	0
M01498:848:000000000-K2NBK:1:2114:3879:13717;size=1	OTU_110	99.3	142	1	0	1	142	1	142	-1	0
M01498:848:000000000-K2NBK:1:2114:4473:9409;size=1	OTU_489	97.2	142	4	0	1	142	1	142	-1	0
M01498:848:000000000-K2NBK:1:2114:3853:8764;size=1	OTU_381	97.2	142	4	0	1	142	1	142	-1	0
M01498:848:000000000-K2NBK:1:2114:6641:7660;size=1	OTU_18	98.6	142	2	0	1	142	1	142	-1	0
M01498:848:000000000-K2NBK:1:2114:6801:25801;size=1	OTU_63	99.3	142	1	0	1	143	1	142	-1	0
M01498:848:000000000-K2NBK:1:2114:7528:25171;size=1	OTU_18	98.6	142	2	0	1	142	1	142	-1	0
M01498:848:000000000-K2NBK:1:2114:8823:14494;size=1	OTU_716	97.2	142	4	0	1	142	1	142	-1	0
