M03292:11:000000000-AEF91:1:1101:26452:5559	NC_001422.1	99.3	301	2	0	1	301	1	5386	-1	0
M03292:11:000000000-AEF91:1:1101:28051:7144	NC_001422.1	100.0	270	0	0	1	300	1	5386	-1	0
M03292:11:000000000-AEF91:1:1101:12953:10308	NC_001422.1	99.7	301	1	0	1	301	1	5386	-1	0
M03292:11:000000000-AEF91:1:1101:18061:12606	NC_001422.1	99.7	301	1	0	301	1	1	5386	-1	0
M03292:11:000000000-AEF91:1:1101:27480:14111	NC_001422.1	99.7	300	1	0	300	1	1	5386	-1	0
M03292:11:000000000-AEF91:1:1101:17827:17042	NC_001422.1	99.7	301	1	0	1	301	1	5386	-1	0
M03292:11:000000000-AEF91:1:1101:9029:23280	NC_001422.1	99.3	299	2	0	299	1	1	5386	-1	0
M03292:11:000000000-AEF91:1:1102:26454:6491	NC_001422.1	95.3	301	14	0	1	301	1	5386	-1	0
M03292:11:000000000-AEF91:1:1102:23850:8901	NC_001422.1	100.0	300	0	0	300	1	1	5386	-1	0
M03292:11:000000000-AEF91:1:1102:29253:15092	NC_001422.1	98.3	301	5	0	301	1	1	5386	-1	0
M03292:11:000000000-AEF91:1:1102:5981:21074	NC_001422.1	100.0	301	0	0	301	1	1	5386	-1	0
M03292:11:000000000-AEF91:1:1102:8868:23124	NC_001422.1	99.7	301	1	0	301	1	1	5386	-1	0
M03292:11:000000000-AEF91:1:1103:10177:6403	NC_001422.1	99.7	301	1	0	1	301	1	5386	-1	0
M03292:11:000000000-AEF91:1:1103:5233:7437	NC_001422.1	100.0	301	0	0	1	301	1	5386	-1	0
M03292:11:000000000-AEF91:1:1103:19839:7742	NC_001422.1	100.0	301	0	0	301	1	1	5386	-1	0
M03292:11:000000000-AEF91:1:1103:8126:8072	NC_001422.1	99.7	300	1	0	300	1	1	5386	-1	0
M03292:11:000000000-AEF91:1:1103:15385:9606	NC_001422.1	99.1	216	2	0	1	300	1	5386	-1	0
M03292:11:000000000-AEF91:1:1103:2481:12420	NC_001422.1	99.0	300	3	0	1	300	1	5386	-1	0
M03292:11:000000000-AEF91:1:1103:15895:19053	NC_001422.1	96.3	301	11	0	1	301	1	5386	-1	0
M03292:11:000000000-AEF91:1:1103:18945:20780	NC_001422.1	100.0	301	0	0	301	1	1	5386	-1	0
M03292:11:000000000-AEF91:1:1103:16444:24202	NC_001422.1	99.7	301	1	0	301	1	1	5386	-1	0
M03292:11:000000000-AEF91:1:1104:12863:6075	NC_001422.1	99.7	301	1	0	301	1	1	5386	-1	0
M03292:11:000000000-AEF91:1:1104:8749:6086	NC_001422.1	98.3	301	5	0	301	1	1	5386	-1	0
M03292:11:000000000-AEF91:1:1104:5680:6258	NC_001422.1	98.0	298	6	0	298	1	1	5386	-1	0
M03292:11:000000000-AEF91:1:1104:19935:10588	NC_001422.1	99.7	301	1	0	1	301	1	5386	-1	0
M03292:11:000000000-AEF91:1:1104:16739:12771	NC_001422.1	98.0	301	6	0	301	1	1	5386	-1	0
M03292:11:000000000-AEF91:1:1104:12647:16415	NC_001422.1	99.7	301	1	0	301	1	1	5386	-1	0
M03292:11:000000000-AEF91:1:1104:3540:16719	NC_001422.1	99.7	301	1	0	1	301	1	5386	-1	0
M03292:11:000000000-AEF91:1:1105:13119:12303	NC_001422.1	99.3	301	2	0	301	1	1	5386	-1	0
M03292:11:000000000-AEF91:1:1105:28338:12440	NC_001422.1	99.7	301	1	0	301	1	1	5386	-1	0
M03292:11:000000000-AEF91:1:1105:28259:18512	NC_001422.1	97.7	301	7	0	1	301	1	5386	-1	0
M03292:11:000000000-AEF91:1:1105:24925:19174	NC_001422.1	100.0	300	0	0	300	1	1	5386	-1	0
M03292:11:000000000-AEF91:1:1105:26559:19845	NC_001422.1	99.0	301	3	0	1	301	1	5386	-1	0
M03292:11:000000000-AEF91:1:1105:14397:24302	NC_001422.1	98.0	301	6	0	1	301	1	5386	-1	0
M03292:11:000000000-AEF91:1:1106:23290:5792	NC_001422.1	98.0	299	6	0	299	1	1	5386	-1	0
M03292:11:000000000-AEF91:1:1106:24402:8868	NC_001422.1	98.7	301	4	0	1	301	1	5386	-1	0
M03292:11:000000000-AEF91:1:1106:9258:11634	NC_001422.1	100.0	301	0	0	301	1	1	5386	-1	0
M03292:11:000000000-AEF91:1:1106:14933:16529	NC_001422.1	100.0	300	0	0	1	300	1	5386	-1	0
M03292:11:000000000-AEF91:1:1106:7629:18317	NC_001422.1	100.0	298	0	0	1	298	1	5386	-1	0
M03292:11:000000000-AEF91:1:1106:6015:19303	NC_001422.1	100.0	300	0	0	1	300	1	5386	-1	0
M03292:11:000000000-AEF91:1:1106:14360:23920	NC_001422.1	99.3	301	2	0	1	301	1	5386	-1	0
M03292:11:000000000-AEF91:1:1107:21275:1471	NC_001422.1	97.7	301	7	0	301	1	1	5386	-1	0
M03292:11:000000000-AEF91:1:1107:3669:6246	NC_001422.1	99.7	301	1	0	1	301	1	5386	-1	0
M03292:11:000000000-AEF91:1:1107:25466:7538	NC_001422.1	100.0	301	0	0	1	301	1	5386	-1	0
M03292:11:000000000-AEF91:1:1107:18943:8583	NC_001422.1	99.3	301	2	0	301	1	1	5386	-1	0
M03292:11:000000000-AEF91:1:1107:16719:8862	NC_001422.1	99.3	301	2	0	1	301	1	5386	-1	0
M03292:11:000000000-AEF91:1:1107:5138:11022	NC_001422.1	100.0	301	0	0	301	1	1	5386	-1	0
M03292:11:000000000-AEF91:1:1107:26503:11530	NC_001422.1	99.3	301	2	0	1	301	1	5386	-1	0
M03292:11:000000000-AEF91:1:1107:4210:13558	NC_001422.1	99.7	301	1	0	301	1	1	5386	-1	0
M03292:11:000000000-AEF91:1:1107:28711:18328	NC_001422.1	100.0	301	0	0	1	301	1	5386	-1	0
M03292:11:000000000-AEF91:1:1107:27289:18740	NC_001422.1	98.0	301	6	0	301	1	1	5386	-1	0
M03292:11:000000000-AEF91:1:1107:23062:22410	NC_001422.1	99.3	301	2	0	1	301	1	5386	-1	0
M03292:11:000000000-AEF91:1:1107:23972:23021	NC_001422.1	95.3	301	14	0	1	301	1	5386	-1	0
M03292:11:000000000-AEF91:1:1108:26396:10061	NC_001422.1	100.0	300	0	0	300	1	1	5386	-1	0
M03292:11:000000000-AEF91:1:1108:8913:12828	NC_001422.1	100.0	286	0	0	1	300	1	5386	-1	0
M03292:11:000000000-AEF91:1:1108:21965:19605	NC_001422.1	99.3	301	2	0	1	301	1	5386	-1	0
M03292:11:000000000-AEF91:1:1108:14923:19884	NC_001422.1	99.3	301	2	0	301	1	1	5386	-1	0
M03292:11:000000000-AEF91:1:1108:25948:20839	NC_001422.1	98.3	301	5	0	301	1	1	5386	-1	0
M03292:11:000000000-AEF91:1:1109:7668:3735	NC_001422.1	99.0	301	3	0	301	1	1	5386	-1	0
M03292:11:000000000-AEF91:1:1109:19742:5438	NC_001422.1	100.0	300	0	0	300	1	1	5386	-1	0
M03292:11:000000000-AEF91:1:1109:16066:5643	NC_001422.1	99.7	301	1	0	1	301	1	5386	-1	0
M03292:11:000000000-AEF91:1:1109:24265:10213	NC_001422.1	100.0	301	0	0	301	1	1	5386	-1	0
M03292:11:000000000-AEF91:1:1109:14826:10733	NC_001422.1	99.3	301	2	0	1	301	1	5386	-1	0
M03292:11:000000000-AEF91:1:1109:7163:10733	NC_001422.1	97.7	301	7	0	301	1	1	5386	-1	0
M03292:11:000000000-AEF91:1:1109:29227:11969	NC_001422.1	100.0	301	0	0	1	301	1	5386	-1	0
M03292:11:000000000-AEF91:1:1109:17108:14719	NC_001422.1	99.7	301	1	0	1	301	1	5386	-1	0
M03292:11:000000000-AEF91:1:1109:28521:15784	NC_001422.1	100.0	300	0	0	300	1	1	5386	-1	0
M03292:11:000000000-AEF91:1:1109:16893:17223	NC_001422.1	100.0	301	0	0	301	1	1	5386	-1	0
M03292:11:000000000-AEF91:1:1109:28070:18106	NC_001422.1	99.7	298	1	0	1	298	1	5386	-1	0
M03292:11:000000000-AEF91:1:1110:6268:4445	NC_001422.1	99.0	301	3	0	1	301	1	5386	-1	0
M03292:11:000000000-AEF91:1:1110:14759:6981	NC_001422.1	96.0	301	12	0	301	1	1	5386	-1	0
M03292:11:000000000-AEF91:1:1110:17089:7162	NC_001422.1	98.0	300	6	0	300	1	1	5386	-1	0
M03292:11:000000000-AEF91:1:1110:11201:10660	NC_001422.1	99.7	301	1	0	1	301	1	5386	-1	0
M03292:11:000000000-AEF91:1:1110:2772:11734	NC_001422.1	98.0	300	6	0	300	1	1	5386	-1	0
M03292:11:000000000-AEF91:1:1110:16354:17676	NC_001422.1	100.0	301	0	0	301	1	1	5386	-1	0
M03292:11:000000000-AEF91:1:1110:18047:22216	NC_001422.1	98.0	301	6	0	301	1	1	5386	-1	0
M03292:11:000000000-AEF91:1:1111:24195:3230	NC_001422.1	98.0	301	6	0	301	1	1	5386	-1	0
M03292:11:000000000-AEF91:1:1111:18710:4629	NC_001422.1	96.7	301	10	0	1	301	1	5386	-1	0
M03292:11:000000000-AEF91:1:1111:5476:12270	NC_001422.1	98.7	301	4	0	1	301	1	5386	-1	0
M03292:11:000000000-AEF91:1:1111:12666:18189	NC_001422.1	99.7	301	1	0	1	301	1	5386	-1	0
M03292:11:000000000-AEF91:1:1111:8568:18465	NC_001422.1	99.7	300	1	0	300	1	1	5386	-1	0
M03292:11:000000000-AEF91:1:1111:8597:25013	NC_001422.1	98.7	299	4	0	299	1	1	5386	-1	0
M03292:11:000000000-AEF91:1:1112:17079:1613	NC_001422.1	97.3	298	8	0	1	301	1	5386	-1	0
M03292:11:000000000-AEF91:1:1112:10283:1903	NC_001422.1	94.0	301	18	0	1	301	1	5386	-1	0
M03292:11:000000000-AEF91:1:1112:14802:5144	NC_001422.1	98.0	301	6	0	1	301	1	5386	-1	0
M03292:11:000000000-AEF91:1:1112:16804:5751	NC_001422.1	99.3	301	2	0	1	301	1	5386	-1	0
M03292:11:000000000-AEF91:1:1112:6179:7010	NC_001422.1	100.0	301	0	0	1	301	1	5386	-1	0
M03292:11:000000000-AEF91:1:1112:9197:8166	NC_001422.1	99.7	300	1	0	300	1	1	5386	-1	0
M03292:11:000000000-AEF91:1:1112:6573:8256	NC_001422.1	100.0	300	0	0	300	1	1	5386	-1	0
M03292:11:000000000-AEF91:1:1112:12196:9881	NC_001422.1	99.3	301	2	0	1	301	1	5386	-1	0
M03292:11:000000000-AEF91:1:1112:1896:11540	NC_001422.1	96.7	299	10	0	1	299	1	5386	-1	0
M03292:11:000000000-AEF91:1:1112:3058:18199	NC_001422.1	97.7	301	7	0	301	1	1	5386	-1	0
M03292:11:000000000-AEF91:1:1113:22413:4657	NC_001422.1	99.3	299	2	0	299	1	1	5386	-1	0
M03292:11:000000000-AEF91:1:1113:10508:7104	NC_001422.1	99.7	301	1	0	301	1	1	5386	-1	0
M03292:11:000000000-AEF91:1:1113:28073:9503	NC_001422.1	99.3	300	2	0	1	300	1	5386	-1	0
M03292:11:000000000-AEF91:1:1113:29236:12526	NC_001422.1	99.3	300	2	0	1	300	1	5386	-1	0
M03292:11:000000000-AEF91:1:1113:14629:23637	NC_001422.1	98.7	300	4	0	1	300	1	5386	-1	0
M03292:11:000000000-AEF91:1:1114:11943:1342	NC_001422.1	97.7	301	7	0	1	301	1	5386	-1	0
M03292:11:000000000-AEF91:1:1114:14807:1765	NC_001422.1	96.3	301	11	0	301	1	1	5386	-1	0
M03292:11:000000000-AEF91:1:1114:21072:2682	NC_001422.1	97.7	300	7	0	1	300	1	5386	-1	0
M03292:11:000000000-AEF91:1:1114:21054:5311	NC_001422.1	93.0	301	21	0	301	1	1	5386	-1	0
M03292:11:000000000-AEF91:1:1114:20314:5606	NC_001422.1	100.0	301	0	0	1	301	1	5386	-1	0
M03292:11:000000000-AEF91:1:1114:9360:6196	NC_001422.1	100.0	301	0	0	1	301	1	5386	-1	0
M03292:11:000000000-AEF91:1:1114:23663:8043	NC_001422.1	99.3	301	2	0	301	1	1	5386	-1	0
M03292:11:000000000-AEF91:1:1114:24748:8693	NC_001422.1	92.7	301	22	0	1	301	1	5386	-1	0
M03292:11:000000000-AEF91:1:1114:4079:12404	NC_001422.1	99.7	301	1	0	301	1	1	5386	-1	0
M03292:11:000000000-AEF91:1:1114:2934:17607	NC_001422.1	99.3	301	2	0	1	301	1	5386	-1	0
M03292:11:000000000-AEF91:1:1114:9147:22067	NC_001422.1	99.7	301	1	0	1	301	1	5386	-1	0
M03292:11:000000000-AEF91:1:1115:17745:1345	NC_001422.1	97.3	301	8	0	1	301	1	5386	-1	0
M03292:11:000000000-AEF91:1:1115:20210:2096	NC_001422.1	96.3	300	11	0	1	300	1	5386	-1	0
M03292:11:000000000-AEF91:1:1115:21029:4097	NC_001422.1	98.0	299	6	0	299	1	1	5386	-1	0
M03292:11:000000000-AEF91:1:1115:11318:4883	NC_001422.1	100.0	301	0	0	301	1	1	5386	-1	0
M03292:11:000000000-AEF91:1:1115:26087:4845	NC_001422.1	99.3	301	2	0	1	301	1	5386	-1	0
M03292:11:000000000-AEF91:1:1115:9867:17091	NC_001422.1	98.7	301	4	0	1	301	1	5386	-1	0
M03292:11:000000000-AEF91:1:1115:6397:17526	NC_001422.1	99.7	300	1	0	300	1	1	5386	-1	0
M03292:11:000000000-AEF91:1:1115:11172:18063	NC_001422.1	99.7	301	1	0	1	301	1	5386	-1	0
M03292:11:000000000-AEF91:1:1115:25704:21215	NC_001422.1	98.0	301	6	0	1	301	1	5386	-1	0
M03292:11:000000000-AEF91:1:1116:9384:5858	NC_001422.1	95.7	299	13	0	1	299	1	5386	-1	0
M03292:11:000000000-AEF91:1:1116:25913:9358	NC_001422.1	99.3	301	2	0	1	301	1	5386	-1	0
M03292:11:000000000-AEF91:1:1116:10215:14378	NC_001422.1	99.7	301	1	0	301	1	1	5386	-1	0
M03292:11:000000000-AEF91:1:1116:27274:15727	NC_001422.1	99.0	301	3	0	301	1	1	5386	-1	0
M03292:11:000000000-AEF91:1:1116:25538:19048	NC_001422.1	99.3	301	2	0	1	301	1	5386	-1	0
M03292:11:000000000-AEF91:1:1116:7496:21319	NC_001422.1	100.0	301	0	0	301	1	1	5386	-1	0
M03292:11:000000000-AEF91:1:1116:13226:25146	NC_001422.1	91.0	301	27	0	1	301	1	5386	-1	0
M03292:11:000000000-AEF91:1:1117:8182:3322	NC_001422.1	98.0	301	6	0	1	301	1	5386	-1	0
M03292:11:000000000-AEF91:1:1117:25444:4238	NC_001422.1	94.7	301	16	0	1	301	1	5386	-1	0
M03292:11:000000000-AEF91:1:1117:18473:4571	NC_001422.1	100.0	300	0	0	300	1	1	5386	-1	0
M03292:11:000000000-AEF91:1:1117:16268:5109	NC_001422.1	99.7	301	1	0	1	301	1	5386	-1	0
M03292:11:000000000-AEF91:1:1117:15142:9250	NC_001422.1	99.7	301	1	0	301	1	1	5386	-1	0
M03292:11:000000000-AEF91:1:1117:2279:12071	NC_001422.1	99.3	301	2	0	1	301	1	5386	-1	0
M03292:11:000000000-AEF91:1:1117:16301:13359	NC_001422.1	100.0	301	0	0	301	1	1	5386	-1	0
M03292:11:000000000-AEF91:1:1117:27265:14246	NC_001422.1	100.0	300	0	0	300	1	1	5386	-1	0
M03292:11:000000000-AEF91:1:1117:21395:19498	NC_001422.1	100.0	300	0	0	300	1	1	5386	-1	0
M03292:11:000000000-AEF91:1:1117:24241:22685	NC_001422.1	99.7	300	1	0	1	300	1	5386	-1	0
M03292:11:000000000-AEF91:1:1118:13816:1845	NC_001422.1	95.0	301	15	0	301	1	1	5386	-1	0
M03292:11:000000000-AEF91:1:1118:9992:3176	NC_001422.1	99.0	301	3	0	301	1	1	5386	-1	0
M03292:11:000000000-AEF91:1:1118:23420:4169	NC_001422.1	96.7	301	10	0	301	1	1	5386	-1	0
M03292:11:000000000-AEF91:1:1118:22451:5926	NC_001422.1	99.3	301	2	0	301	1	1	5386	-1	0
M03292:11:000000000-AEF91:1:1118:17299:9952	NC_001422.1	99.7	301	1	0	301	1	1	5386	-1	0
M03292:11:000000000-AEF91:1:1118:9826:13732	NC_001422.1	99.3	295	2	0	295	1	1	5386	-1	0
M03292:11:000000000-AEF91:1:1118:20465:17264	NC_001422.1	99.3	300	2	0	300	1	1	5386	-1	0
M03292:11:000000000-AEF91:1:1118:21321:20305	NC_001422.1	99.0	301	3	0	301	1	1	5386	-1	0
M03292:11:000000000-AEF91:1:1118:7416:20515	NC_001422.1	99.7	300	1	0	300	1	1	5386	-1	0
M03292:11:000000000-AEF91:1:1119:7512:3736	NC_001422.1	95.3	301	14	0	301	1	1	5386	-1	0
M03292:11:000000000-AEF91:1:1119:26307:7011	NC_001422.1	100.0	301	0	0	301	1	1	5386	-1	0
M03292:11:000000000-AEF91:1:1119:5876:7855	NC_001422.1	100.0	301	0	0	1	301	1	5386	-1	0
M03292:11:000000000-AEF91:1:1119:13955:9580	NC_001422.1	100.0	300	0	0	1	300	1	5386	-1	0
M03292:11:000000000-AEF91:1:1119:24919:10057	NC_001422.1	99.3	301	2	0	301	1	1	5386	-1	0
M03292:11:000000000-AEF91:1:1119:27326:11173	NC_001422.1	100.0	301	0	0	1	301	1	5386	-1	0
M03292:11:000000000-AEF91:1:1119:26708:11675	NC_001422.1	100.0	300	0	0	300	1	1	5386	-1	0
M03292:11:000000000-AEF91:1:1119:18986:12740	NC_001422.1	99.7	301	1	0	1	301	1	5386	-1	0
M03292:11:000000000-AEF91:1:1119:16858:23448	NC_001422.1	99.7	301	1	0	1	301	1	5386	-1	0
M03292:11:000000000-AEF91:1:1119:12861:25015	NC_001422.1	99.7	301	1	0	301	1	1	5386	-1	0
M03292:11:000000000-AEF91:1:2101:23855:13129	NC_001422.1	100.0	299	0	0	1	299	1	5386	-1	0
M03292:11:000000000-AEF91:1:2101:21377:13701	NC_001422.1	100.0	301	0	0	301	1	1	5386	-1	0
M03292:11:000000000-AEF91:1:2101:11507:24981	NC_001422.1	99.0	301	3	0	301	1	1	5386	-1	0
M03292:11:000000000-AEF91:1:2102:18303:9993	NC_001422.1	100.0	301	0	0	301	1	1	5386	-1	0
M03292:11:000000000-AEF91:1:2102:15934:10750	NC_001422.1	99.7	301	1	0	301	1	1	5386	-1	0
M03292:11:000000000-AEF91:1:2102:5848:18110	NC_001422.1	99.3	301	2	0	1	301	1	5386	-1	0
M03292:11:000000000-AEF91:1:2102:14211:22475	NC_001422.1	100.0	301	0	0	301	1	1	5386	-1	0
M03292:11:000000000-AEF91:1:2102:18912:24022	NC_001422.1	95.3	301	14	0	301	1	1	5386	-1	0
M03292:11:000000000-AEF91:1:2103:12031:3741	NC_001422.1	100.0	301	0	0	301	1	1	5386	-1	0
M03292:11:000000000-AEF91:1:2103:10720:5726	NC_001422.1	100.0	257	0	0	1	300	1	5386	-1	0
M03292:11:000000000-AEF91:1:2103:6672:10663	NC_001422.1	100.0	301	0	0	301	1	1	5386	-1	0
M03292:11:000000000-AEF91:1:2103:26925:20314	NC_001422.1	99.7	301	1	0	301	1	1	5386	-1	0
M03292:11:000000000-AEF91:1:2104:15412:4672	NC_001422.1	99.0	300	3	0	1	300	1	5386	-1	0
M03292:11:000000000-AEF91:1:2104:3251:11794	NC_001422.1	99.7	300	1	0	1	300	1	5386	-1	0
M03292:11:000000000-AEF91:1:2104:13184:14881	NC_001422.1	99.0	301	3	0	1	301	1	5386	-1	0
M03292:11:000000000-AEF91:1:2104:7540:16899	NC_001422.1	99.0	301	3	0	1	301	1	5386	-1	0
M03292:11:000000000-AEF91:1:2105:16319:2833	NC_001422.1	99.0	300	3	0	1	300	1	5386	-1	0
M03292:11:000000000-AEF91:1:2105:8677:3396	NC_001422.1	98.3	300	5	0	300	1	1	5386	-1	0
M03292:11:000000000-AEF91:1:2105:22336:5427	NC_001422.1	99.7	301	1	0	1	301	1	5386	-1	0
M03292:11:000000000-AEF91:1:2105:21653:18853	NC_001422.1	100.0	301	0	0	301	1	1	5386	-1	0
M03292:11:000000000-AEF91:1:2105:26755:19339	NC_001422.1	98.3	301	5	0	301	1	1	5386	-1	0
M03292:11:000000000-AEF91:1:2105:24529:20008	NC_001422.1	99.7	301	1	0	301	1	1	5386	-1	0
M03292:11:000000000-AEF91:1:2105:16765:21547	NC_001422.1	98.7	301	4	0	301	1	1	5386	-1	0
M03292:11:000000000-AEF91:1:2105:14270:22847	NC_001422.1	99.7	301	1	0	1	301	1	5386	-1	0
M03292:11:000000000-AEF91:1:2105:21933:24339	NC_001422.1	98.3	301	5	0	301	1	1	5386	-1	0
M03292:11:000000000-AEF91:1:2106:11056:3138	NC_001422.1	98.0	301	6	0	1	301	1	5386	-1	0
M03292:11:000000000-AEF91:1:2106:18417:5751	NC_001422.1	100.0	300	0	0	300	1	1	5386	-1	0
M03292:11:000000000-AEF91:1:2106:25308:7378	NC_001422.1	97.7	301	7	0	1	301	1	5386	-1	0
M03292:11:000000000-AEF91:1:2106:22514:10751	NC_001422.1	99.7	300	1	0	300	1	1	5386	-1	0
M03292:11:000000000-AEF91:1:2106:13061:18060	NC_001422.1	98.3	301	5	0	301	1	1	5386	-1	0
M03292:11:000000000-AEF91:1:2106:8656:23367	NC_001422.1	100.0	300	0	0	1	300	1	5386	-1	0
M03292:11:000000000-AEF91:1:2107:16105:3943	NC_001422.1	93.7	300	19	0	1	300	1	5386	-1	0
M03292:11:000000000-AEF91:1:2107:11385:9371	NC_001422.1	100.0	301	0	0	301	1	1	5386	-1	0
M03292:11:000000000-AEF91:1:2107:16522:13554	NC_001422.1	100.0	300	0	0	300	1	1	5386	-1	0
M03292:11:000000000-AEF91:1:2107:15197:15409	NC_001422.1	99.7	301	1	0	1	301	1	5386	-1	0
M03292:11:000000000-AEF91:1:2107:22213:15543	NC_001422.1	99.3	301	2	0	1	301	1	5386	-1	0
M03292:11:000000000-AEF91:1:2107:15284:24536	NC_001422.1	99.7	301	1	0	1	301	1	5386	-1	0
M03292:11:000000000-AEF91:1:2108:14995:1712	NC_001422.1	98.7	301	4	0	1	301	1	5386	-1	0
M03292:11:000000000-AEF91:1:2108:23465:7873	NC_001422.1	100.0	301	0	0	301	1	1	5386	-1	0
M03292:11:000000000-AEF91:1:2109:8504:1722	NC_001422.1	98.0	299	6	0	299	1	1	5386	-1	0
M03292:11:000000000-AEF91:1:2109:4000:9998	NC_001422.1	99.7	299	1	0	299	1	1	5386	-1	0
M03292:11:000000000-AEF91:1:2109:21475:11212	NC_001422.1	99.3	300	2	0	300	1	1	5386	-1	0
M03292:11:000000000-AEF91:1:2109:8095:17168	NC_001422.1	99.7	301	1	0	301	1	1	5386	-1	0
M03292:11:000000000-AEF91:1:2109:19500:19304	NC_001422.1	100.0	35	0	0	1	35	1	5386	-1	0
M03292:11:000000000-AEF91:1:2109:19500:19304	NC_001422.1	100.0	35	0	0	35	1	1	5386	-1	0
M03292:11:000000000-AEF91:1:2110:15032:4041	NC_001422.1	98.3	300	5	0	1	300	1	5386	-1	0
M03292:11:000000000-AEF91:1:2110:10056:5858	NC_001422.1	99.7	301	1	0	1	301	1	5386	-1	0
M03292:11:000000000-AEF91:1:2110:24057:6571	NC_001422.1	97.3	301	8	0	301	1	1	5386	-1	0
M03292:11:000000000-AEF91:1:2110:7221:9025	NC_001422.1	100.0	301	0	0	301	1	1	5386	-1	0
M03292:11:000000000-AEF91:1:2110:4123:9641	NC_001422.1	100.0	301	0	0	1	301	1	5386	-1	0
M03292:11:000000000-AEF91:1:2110:23585:11473	NC_001422.1	100.0	183	0	0	300	1	1	5386	-1	0
M03292:11:000000000-AEF91:1:2110:3196:15278	NC_001422.1	99.5	222	1	0	1	300	1	5386	-1	0
M03292:11:000000000-AEF91:1:2110:8908:15833	NC_001422.1	100.0	301	0	0	301	1	1	5386	-1	0
M03292:11:000000000-AEF91:1:2110:7709:17777	NC_001422.1	99.7	301	1	0	1	301	1	5386	-1	0
M03292:11:000000000-AEF91:1:2111:19773:6583	NC_001422.1	100.0	301	0	0	301	1	1	5386	-1	0
M03292:11:000000000-AEF91:1:2111:21401:6753	NC_001422.1	99.3	301	2	0	1	301	1	5386	-1	0
M03292:11:000000000-AEF91:1:2111:16646:21048	NC_001422.1	99.7	301	1	0	1	301	1	5386	-1	0
M03292:11:000000000-AEF91:1:2111:10257:24570	NC_001422.1	100.0	301	0	0	301	1	1	5386	-1	0
M03292:11:000000000-AEF91:1:2112:16425:3950	NC_001422.1	99.0	301	3	0	1	301	1	5386	-1	0
M03292:11:000000000-AEF91:1:2112:6646:8147	NC_001422.1	99.7	301	1	0	301	1	1	5386	-1	0
M03292:11:000000000-AEF91:1:2112:15026:17318	NC_001422.1	98.3	300	5	0	300	1	1	5386	-1	0
M03292:11:000000000-AEF91:1:2112:6906:17990	NC_001422.1	100.0	300	0	0	1	300	1	5386	-1	0
M03292:11:000000000-AEF91:1:2113:23202:6302	NC_001422.1	99.1	211	2	0	1	300	1	5386	-1	0
M03292:11:000000000-AEF91:1:2113:6983:23535	NC_001422.1	99.7	301	1	0	301	1	1	5386	-1	0
M03292:11:000000000-AEF91:1:2113:23358:24252	NC_001422.1	100.0	300	0	0	300	1	1	5386	-1	0
M03292:11:000000000-AEF91:1:2114:8380:3094	NC_001422.1	98.0	299	6	0	299	1	1	5386	-1	0
M03292:11:000000000-AEF91:1:2114:12935:12276	NC_001422.1	99.0	301	3	0	301	1	1	5386	-1	0
M03292:11:000000000-AEF91:1:2114:15823:14581	NC_001422.1	100.0	301	0	0	301	1	1	5386	-1	0
M03292:11:000000000-AEF91:1:2114:25676:15293	NC_001422.1	99.3	301	2	0	1	301	1	5386	-1	0
M03292:11:000000000-AEF91:1:2114:16518:16590	NC_001422.1	99.3	301	2	0	1	301	1	5386	-1	0
M03292:11:000000000-AEF91:1:2114:9486:18495	NC_001422.1	99.0	301	3	0	301	1	1	5386	-1	0
M03292:11:000000000-AEF91:1:2115:9067:2220	NC_001422.1	99.3	300	2	0	300	1	1	5386	-1	0
M03292:11:000000000-AEF91:1:2115:11183:4362	NC_001422.1	100.0	300	0	0	300	1	1	5386	-1	0
M03292:11:000000000-AEF91:1:2115:18812:4926	NC_001422.1	97.3	301	8	0	1	301	1	5386	-1	0
M03292:11:000000000-AEF91:1:2115:10865:7334	NC_001422.1	99.7	300	1	0	1	300	1	5386	-1	0
M03292:11:000000000-AEF91:1:2115:21617:8794	NC_001422.1	99.0	301	3	0	1	301	1	5386	-1	0
M03292:11:000000000-AEF91:1:2115:3777:15835	NC_001422.1	99.7	299	1	0	299	1	1	5386	-1	0
M03292:11:000000000-AEF91:1:2115:24062:20310	NC_001422.1	99.7	301	1	0	1	301	1	5386	-1	0
M03292:11:000000000-AEF91:1:2115:12135:25210	NC_001422.1	99.7	301	1	0	301	1	1	5386	-1	0
M03292:11:000000000-AEF91:1:2116:16921:1308	NC_001422.1	98.0	301	6	0	301	1	1	5386	-1	0
M03292:11:000000000-AEF91:1:2116:10399:13352	NC_001422.1	99.3	301	2	0	1	301	1	5386	-1	0
M03292:11:000000000-AEF91:1:2116:26063:16000	NC_001422.1	100.0	301	0	0	1	301	1	5386	-1	0
M03292:11:000000000-AEF91:1:2116:14515:16422	NC_001422.1	99.3	300	2	0	1	300	1	5386	-1	0
M03292:11:000000000-AEF91:1:2116:26849:16441	NC_001422.1	98.5	196	3	0	301	1	1	5386	-1	0
M03292:11:000000000-AEF91:1:2116:25465:20356	NC_001422.1	98.3	301	5	0	1	301	1	5386	-1	0
M03292:11:000000000-AEF91:1:2116:24927:21421	NC_001422.1	99.3	301	2	0	301	1	1	5386	-1	0
M03292:11:000000000-AEF91:1:2117:24508:9769	NC_001422.1	99.3	301	2	0	301	1	1	5386	-1	0
M03292:11:000000000-AEF91:1:2117:25639:14403	NC_001422.1	99.3	300	2	0	300	1	1	5386	-1	0
M03292:11:000000000-AEF91:1:2117:16031:23083	NC_001422.1	98.3	301	5	0	301	1	1	5386	-1	0
M03292:11:000000000-AEF91:1:2117:12610:25168	NC_001422.1	100.0	301	0	0	301	1	1	5386	-1	0
M03292:11:000000000-AEF91:1:2118:6151:4222	NC_001422.1	99.3	301	2	0	1	301	1	5386	-1	0
M03292:11:000000000-AEF91:1:2118:9188:4125	NC_001422.1	99.0	300	3	0	300	1	1	5386	-1	0
M03292:11:000000000-AEF91:1:2118:19831:8849	NC_001422.1	99.0	301	3	0	301	1	1	5386	-1	0
M03292:11:000000000-AEF91:1:2118:22795:18934	NC_001422.1	98.7	301	4	0	301	1	1	5386	-1	0
M03292:11:000000000-AEF91:1:2118:14590:23086	NC_001422.1	99.3	301	2	0	301	1	1	5386	-1	0
M03292:11:000000000-AEF91:1:2119:24332:3256	NC_001422.1	96.7	300	10	0	300	1	1	5386	-1	0
M03292:11:000000000-AEF91:1:2119:11505:3667	NC_001422.1	99.7	300	1	0	1	300	1	5386	-1	0
M03292:11:000000000-AEF91:1:2119:22635:5396	NC_001422.1	97.7	299	7	0	299	1	1	5386	-1	0
M03292:11:000000000-AEF91:1:2119:13049:6938	NC_001422.1	100.0	301	0	0	1	301	1	5386	-1	0
M03292:11:000000000-AEF91:1:2119:18844:7482	NC_001422.1	99.3	299	2	0	299	1	1	5386	-1	0
M03292:11:000000000-AEF91:1:2119:17666:8916	NC_001422.1	100.0	301	0	0	301	1	1	5386	-1	0
M03292:11:000000000-AEF91:1:2119:3572:12264	NC_001422.1	100.0	204	0	0	1	301	1	5386	-1	0
M03292:11:000000000-AEF91:1:2119:2440:15528	NC_001422.1	99.3	300	2	0	300	1	1	5386	-1	0
M03292:11:000000000-AEF91:1:2119:23936:16963	NC_001422.1	98.7	300	4	0	300	1	1	5386	-1	0
M03292:11:000000000-AEF91:1:2119:5381:17837	NC_001422.1	100.0	301	0	0	301	1	1	5386	-1	0
M03292:11:000000000-AEF91:1:2119:19540:21855	NC_001422.1	90.1	313	19	2	301	1	1	5386	-1	0
