M01498:848:000000000-K2NBK:1:1101:18814:14333;size=133	OTU_26	100.0	142	0	0	1	142	1	142	-1	0
M01498:848:000000000-K2NBK:1:1101:11076:5901;size=58	OTU_26	99.3	142	1	0	1	142	1	142	-1	0
M01498:848:000000000-K2NBK:1:1101:11712:21687;size=47	OTU_66	100.0	142	0	0	1	142	1	142	-1	0
M01498:848:000000000-K2NBK:1:1101:18584:4114;size=115	OTU_20	97.9	142	3	0	1	142	1	142	-1	0
M01498:848:000000000-K2NBK:1:1101:26145:7206;size=47	OTU_61	100.0	142	0	0	1	142	1	142	-1	0
M01498:848:000000000-K2NBK:1:1101:16249:17368;size=41	OTU_4	100.0	142	0	0	1	142	1	142	-1	0
M01498:848:000000000-K2NBK:1:1101:15080:5911;size=30	OTU_80	100.0	142	0	0	1	142	1	142	-1	0
M01498:848:000000000-K2NBK:1:1105:21507:19658;size=25	OTU_319	99.3	142	1	0	1	142	1	142	-1	0
M01498:848:000000000-K2NBK:1:1106:16702:23408;size=17	OTU_34	100.0	142	0	0	1	142	1	142	-1	0
M01498:848:000000000-K2NBK:1:1111:11178:3133;size=13	OTU_8	100.0	142	0	0	1	142	1	142	-1	0
M01498:848:000000000-K2NBK:1:1102:17060:20079;size=12	OTU_42	100.0	142	0	0	1	142	1	142	-1	0
M01498:848:000000000-K2NBK:1:1101:8552:14929;size=11	OTU_99	100.0	142	0	0	1	142	1	142	-1	0
M01498:848:000000000-K2NBK:1:1103:17224:6424;size=12	OTU_93	100.0	142	0	0	1	142	1	142	-1	0
M01498:848:000000000-K2NBK:1:1102:24419:11842;size=11	OTU_26	99.3	142	1	0	1	142	1	142	-1	0
M01498:848:000000000-K2NBK:1:1102:21357:11083;size=10	OTU_32	100.0	142	0	0	1	142	1	142	-1	0
M01498:848:000000000-K2NBK:1:1103:25520:13731;size=10	OTU_1	100.0	141	0	0	1	141	1	142	-1	0
M01498:848:000000000-K2NBK:1:1105:18432:20626;size=13	OTU_1	100.0	142	0	0	1	142	1	142	-1	0
M01498:848:000000000-K2NBK:1:1103:8392:22240;size=10	OTU_34	98.6	142	2	0	1	142	1	142	-1	0
M01498:848:000000000-K2NBK:1:1104:16666:16434;size=10	OTU_22	99.3	142	1	0	1	142	1	142	-1	0
M01498:848:000000000-K2NBK:1:1104:16504:18929;size=9	OTU_138	100.0	142	0	0	1	142	1	142	-1	0
M01498:848:000000000-K2NBK:1:1109:22101:11021;size=9	OTU_88	100.0	142	0	0	1	142	1	142	-1	0
M01498:848:000000000-K2NBK:1:1102:14933:21071;size=12	OTU_34	99.3	142	1	0	1	142	1	142	-1	0
M01498:848:000000000-K2NBK:1:1101:13021:4973;size=8	OTU_81	100.0	142	0	0	1	142	1	142	-1	0
M01498:848:000000000-K2NBK:1:1103:27909:8451;size=8	OTU_21	98.6	142	2	0	1	142	1	142	-1	0
M01498:848:000000000-K2NBK:1:1104:19482:24210;size=8	OTU_186	100.0	142	0	0	1	142	1	142	-1	0
M01498:848:000000000-K2NBK:1:1105:23667:8740;size=8	OTU_10	100.0	141	0	0	1	141	1	141	-1	0
M01498:848:000000000-K2NBK:1:1107:12247:3568;size=8	OTU_130	100.0	142	0	0	1	142	1	142	-1	0
M01498:848:000000000-K2NBK:1:1101:5485:18324;size=7	OTU_21	100.0	142	0	0	1	142	1	142	-1	0
M01498:848:000000000-K2NBK:1:1102:21325:16664;size=7	OTU_88	99.3	142	1	0	1	142	1	142	-1	0
M01498:848:000000000-K2NBK:1:1111:17272:18868;size=7	OTU_101	100.0	142	0	0	1	142	1	142	-1	0
M01498:848:000000000-K2NBK:1:1101:9063:12877;size=7	OTU_81	99.3	142	1	0	1	142	1	142	-1	0
M01498:848:000000000-K2NBK:1:1102:14439:26170;size=8	OTU_154	100.0	142	0	0	1	142	1	142	-1	0
M01498:848:000000000-K2NBK:1:2101:7565:14862;size=7	OTU_94	100.0	142	0	0	1	142	1	142	-1	0
M01498:848:000000000-K2NBK:1:1104:13795:15505;size=6	OTU_10	100.0	141	0	0	1	142	1	141	-1	0
M01498:848:000000000-K2NBK:1:1105:14686:16016;size=6	OTU_81	99.3	142	1	0	1	142	1	142	-1	0
M01498:848:000000000-K2NBK:1:1105:5545:7550;size=6	OTU_140	100.0	142	0	0	1	142	1	142	-1	0
M01498:848:000000000-K2NBK:1:1114:15109:11070;size=6	OTU_182	100.0	142	0	0	1	142	1	142	-1	0
M01498:848:000000000-K2NBK:1:1101:14350:17562;size=5	OTU_1	100.0	140	0	0	1	140	1	142	-1	0
M01498:848:000000000-K2NBK:1:1109:13776:22853;size=5	OTU_95	100.0	142	0	0	1	142	1	142	-1	0
M01498:848:000000000-K2NBK:1:1109:8564:4686;size=5	OTU_3	99.3	142	1	0	1	142	1	142	-1	0
M01498:848:000000000-K2NBK:1:1105:13279:26997;size=4	OTU_20	97.2	142	4	0	1	142	1	142	-1	0
M01498:848:000000000-K2NBK:1:1105:24173:26009;size=4	OTU_79	98.6	142	2	0	1	142	1	142	-1	0
M01498:848:000000000-K2NBK:1:1103:17375:22051;size=6	OTU_95	100.0	141	0	0	1	141	1	142	-1	0
M01498:848:000000000-K2NBK:1:1105:4082:19338;size=4	OTU_188	100.0	142	0	0	1	142	1	142	-1	0
M01498:848:000000000-K2NBK:1:1110:27639:22132;size=4	OTU_20	97.2	142	4	0	1	142	1	142	-1	0
M01498:848:000000000-K2NBK:1:1101:20422:12350;size=3	OTU_10	100.0	140	0	0	1	140	1	141	-1	0
M01498:848:000000000-K2NBK:1:1101:10561:13980;size=3	OTU_93	99.3	142	1	0	1	142	1	142	-1	0
M01498:848:000000000-K2NBK:1:1101:14677:11479;size=4	OTU_81	97.9	142	3	0	1	142	1	142	-1	0
M01498:848:000000000-K2NBK:1:1103:22800:18433;size=3	OTU_166	100.0	142	0	0	1	142	1	142	-1	0
M01498:848:000000000-K2NBK:1:1105:13708:11383;size=3	OTU_124	100.0	140	0	0	1	140	1	140	-1	0
M01498:848:000000000-K2NBK:1:1103:2492:12791;size=3	OTU_26	98.6	142	2	0	1	142	1	142	-1	0
M01498:848:000000000-K2NBK:1:1105:18663:21236;size=3	OTU_67	100.0	142	0	0	1	142	1	142	-1	0
M01498:848:000000000-K2NBK:1:1101:4093:16161;size=3	OTU_197	100.0	142	0	0	1	142	1	142	-1	0
M01498:848:000000000-K2NBK:1:1105:8307:12889;size=3	OTU_45	100.0	142	0	0	1	142	1	142	-1	0
M01498:848:000000000-K2NBK:1:1107:12590:5084;size=3	OTU_79	99.3	142	1	0	1	142	1	142	-1	0
M01498:848:000000000-K2NBK:1:1105:12024:26595;size=3	OTU_20	97.9	141	3	0	1	141	1	142	-1	0
M01498:848:000000000-K2NBK:1:1107:7575:6154;size=3	OTU_61	99.3	142	1	0	1	142	1	142	-1	0
M01498:848:000000000-K2NBK:1:1108:16883:2925;size=3	OTU_32	99.3	142	1	0	1	142	1	142	-1	0
M01498:848:000000000-K2NBK:1:1111:29012:18448;size=3	OTU_22	100.0	142	0	0	1	142	1	142	-1	0
M01498:848:000000000-K2NBK:1:2101:23335:26571;size=3	OTU_75	100.0	142	0	0	1	142	1	142	-1	0
M01498:848:000000000-K2NBK:1:2102:16963:28178;size=3	OTU_2	99.3	142	1	0	1	142	1	142	-1	0
M01498:848:000000000-K2NBK:1:2101:24808:15357;size=3	OTU_13	98.6	142	2	0	1	142	1	142	-1	0
M01498:848:000000000-K2NBK:1:2102:12523:5757;size=3	OTU_20	100.0	142	0	0	1	142	1	142	-1	0
M01498:848:000000000-K2NBK:1:2104:11383:26580;size=3	OTU_5	100.0	142	0	0	1	142	1	142	-1	0
M01498:848:000000000-K2NBK:1:2112:8006:19553;size=3	OTU_20	97.2	142	4	0	1	142	1	142	-1	0
M01498:848:000000000-K2NBK:1:1101:15971:18908;size=2	OTU_26	100.0	142	0	0	1	143	1	142	-1	0
M01498:848:000000000-K2NBK:1:1101:25447:17176;size=2	OTU_59	98.6	142	2	0	1	142	1	142	-1	0
M01498:848:000000000-K2NBK:1:1101:27057:11598;size=2	OTU_26	98.6	142	2	0	1	142	1	142	-1	0
M01498:848:000000000-K2NBK:1:2106:16162:9932;size=3	OTU_66	100.0	142	0	0	1	143	1	142	-1	0
M01498:848:000000000-K2NBK:1:1102:13323:2046;size=2	OTU_26	100.0	141	0	0	1	141	1	142	-1	0
M01498:848:000000000-K2NBK:1:1102:26243:18124;size=2	OTU_56	100.0	142	0	0	1	142	1	142	-1	0
M01498:848:000000000-K2NBK:1:1113:15457:3423;size=3	OTU_20	97.9	142	3	0	1	143	1	142	-1	0
M01498:848:000000000-K2NBK:1:1103:9035:17975;size=2	OTU_75	99.3	142	1	0	1	142	1	142	-1	0
M01498:848:000000000-K2NBK:1:1103:10486:16968;size=2	OTU_43	100.0	141	0	0	1	141	1	142	-1	0
M01498:848:000000000-K2NBK:1:1103:18852:12108;size=2	OTU_193	100.0	142	0	0	1	142	1	142	-1	0
M01498:848:000000000-K2NBK:1:1102:12986:20692;size=2	OTU_26	98.6	142	2	0	1	142	1	142	-1	0
M01498:848:000000000-K2NBK:1:1101:24201:19640;size=2	OTU_81	99.3	142	1	0	1	142	1	142	-1	0
M01498:848:000000000-K2NBK:1:1103:23472:5535;size=2	OTU_212	100.0	142	0	0	1	142	1	142	-1	0
M01498:848:000000000-K2NBK:1:1104:22428:10850;size=2	OTU_80	99.3	142	1	0	1	142	1	142	-1	0
M01498:848:000000000-K2NBK:1:2107:2313:19007;size=3	OTU_45	99.3	142	1	0	1	142	1	142	-1	0
M01498:848:000000000-K2NBK:1:1101:19449:12194;size=2	OTU_157	100.0	142	0	0	1	142	1	142	-1	0
M01498:848:000000000-K2NBK:1:1105:13355:14827;size=2	OTU_99	98.6	142	2	0	1	142	1	142	-1	0
M01498:848:000000000-K2NBK:1:1105:26515:12284;size=2	OTU_230	100.0	142	0	0	1	142	1	142	-1	0
M01498:848:000000000-K2NBK:1:1107:19386:27962;size=2	OTU_95	99.3	142	1	0	1	142	1	142	-1	0
M01498:848:000000000-K2NBK:1:1108:13371:15512;size=2	OTU_377	99.3	142	1	0	1	142	1	142	-1	0
M01498:848:000000000-K2NBK:1:1108:25388:16495;size=2	OTU_156	100.0	142	0	0	1	142	1	142	-1	0
M01498:848:000000000-K2NBK:1:1108:4081:18482;size=2	OTU_26	98.6	142	2	0	1	142	1	142	-1	0
M01498:848:000000000-K2NBK:1:1110:11148:12820;size=2	OTU_20	97.2	142	4	0	1	142	1	142	-1	0
M01498:848:000000000-K2NBK:1:1110:8043:12745;size=2	OTU_15	100.0	142	0	0	1	142	1	142	-1	0
M01498:848:000000000-K2NBK:1:1110:9674:3960;size=2	OTU_188	99.3	142	1	0	1	142	1	142	-1	0
M01498:848:000000000-K2NBK:1:1111:11454:22215;size=2	OTU_32	99.3	142	1	0	1	142	1	142	-1	0
M01498:848:000000000-K2NBK:1:1111:5556:21523;size=2	OTU_26	99.3	141	1	0	1	141	1	142	-1	0
M01498:848:000000000-K2NBK:1:1111:17668:7630;size=2	OTU_66	100.0	140	0	0	1	140	1	142	-1	0
M01498:848:000000000-K2NBK:1:1112:11065:16503;size=2	OTU_318	100.0	142	0	0	1	142	1	142	-1	0
M01498:848:000000000-K2NBK:1:1113:3462:10871;size=2	OTU_26	98.6	142	2	0	1	142	1	142	-1	0
M01498:848:000000000-K2NBK:1:2101:13163:10581;size=2	OTU_61	98.6	142	2	0	1	142	1	142	-1	0
M01498:848:000000000-K2NBK:1:1114:21281:10526;size=2	OTU_34	99.3	142	1	0	1	142	1	142	-1	0
M01498:848:000000000-K2NBK:1:1113:9053:11648;size=2	OTU_32	99.3	142	1	0	1	142	1	142	-1	0
M01498:848:000000000-K2NBK:1:2101:28613:16907;size=2	OTU_240	99.3	142	0	1	1	141	1	142	-1	0
M01498:848:000000000-K2NBK:1:2101:16670:5690;size=2	OTU_124	100.0	140	0	0	1	142	1	140	-1	0
M01498:848:000000000-K2NBK:1:2101:10740:16381;size=2	OTU_81	97.2	142	4	0	1	142	1	142	-1	0
M01498:848:000000000-K2NBK:1:2101:6008:18006;size=2	OTU_66	99.3	142	1	0	1	142	1	142	-1	0
M01498:848:000000000-K2NBK:1:2102:15241:16202;size=2	OTU_26	99.3	141	1	0	1	141	1	142	-1	0
M01498:848:000000000-K2NBK:1:2102:19636:9292;size=2	OTU_66	99.3	142	1	0	1	142	1	142	-1	0
M01498:848:000000000-K2NBK:1:2104:10345:18832;size=2	OTU_26	99.3	142	1	0	1	142	1	142	-1	0
M01498:848:000000000-K2NBK:1:2102:20882:12341;size=2	OTU_2	100.0	141	0	0	1	141	1	142	-1	0
M01498:848:000000000-K2NBK:1:2103:20225:11455;size=2	OTU_95	99.3	142	1	0	1	142	1	142	-1	0
M01498:848:000000000-K2NBK:1:2104:12723:15147;size=2	OTU_5	99.3	142	1	0	1	142	1	142	-1	0
M01498:848:000000000-K2NBK:1:2105:20690:19783;size=2	OTU_26	99.3	142	1	0	1	142	1	142	-1	0
M01498:848:000000000-K2NBK:1:2106:15832:11397;size=2	OTU_148	100.0	142	0	0	1	142	1	142	-1	0
M01498:848:000000000-K2NBK:1:2107:11066:13468;size=2	OTU_4	99.3	142	1	0	1	142	1	142	-1	0
M01498:848:000000000-K2NBK:1:2107:18821:25861;size=2	OTU_13	97.9	142	3	0	1	142	1	142	-1	0
M01498:848:000000000-K2NBK:1:2107:14805:18021;size=2	OTU_32	98.6	142	2	0	1	142	1	142	-1	0
M01498:848:000000000-K2NBK:1:2107:4517:12519;size=2	OTU_124	100.0	140	0	0	1	141	1	140	-1	0
M01498:848:000000000-K2NBK:1:2107:6619:5894;size=2	OTU_26	99.3	142	1	0	1	142	1	142	-1	0
M01498:848:000000000-K2NBK:1:2108:12672:5320;size=2	OTU_81	97.2	141	4	0	1	141	1	142	-1	0
M01498:848:000000000-K2NBK:1:2108:25116:9699;size=2	OTU_20	97.2	142	4	0	1	142	1	142	-1	0
M01498:848:000000000-K2NBK:1:2109:14157:17966;size=2	OTU_66	99.3	142	1	0	1	142	1	142	-1	0
M01498:848:000000000-K2NBK:1:2109:21429:19494;size=2	OTU_88	99.3	141	1	0	1	141	1	142	-1	0
M01498:848:000000000-K2NBK:1:2110:15417:7015;size=2	OTU_113	97.9	142	3	0	1	142	1	142	-1	0
M01498:848:000000000-K2NBK:1:2110:16495:6154;size=2	OTU_26	99.3	142	1	0	1	142	1	142	-1	0
M01498:848:000000000-K2NBK:1:2110:21001:5101;size=2	OTU_34	99.3	142	1	0	1	142	1	142	-1	0
M01498:848:000000000-K2NBK:1:2110:27098:13594;size=2	OTU_8	99.3	142	1	0	1	142	1	142	-1	0
M01498:848:000000000-K2NBK:1:2110:8670:24079;size=2	OTU_130	99.3	142	1	0	1	142	1	142	-1	0
M01498:848:000000000-K2NBK:1:2114:10474:16908;size=2	OTU_34	99.3	142	1	0	1	142	1	142	-1	0
M01498:848:000000000-K2NBK:1:2114:13012:2507;size=2	OTU_8	99.3	142	1	0	1	142	1	142	-1	0
M01498:848:000000000-K2NBK:1:2114:12727:5893;size=2	OTU_193	99.3	142	1	0	1	142	1	142	-1	0
M01498:848:000000000-K2NBK:1:2114:16622:2673;size=2	OTU_93	99.3	142	1	0	1	142	1	142	-1	0
M01498:848:000000000-K2NBK:1:2114:17757:25907;size=2	OTU_66	99.3	142	1	0	1	142	1	142	-1	0
M01498:848:000000000-K2NBK:1:1101:10433:17392;size=1	OTU_130	99.3	142	1	0	1	142	1	142	-1	0
M01498:848:000000000-K2NBK:1:1101:11002:25081;size=1	OTU_34	99.3	142	1	0	1	142	1	142	-1	0
M01498:848:000000000-K2NBK:1:1101:11664:28134;size=1	OTU_21	97.9	142	3	0	1	142	1	142	-1	0
M01498:848:000000000-K2NBK:1:1101:13758:17826;size=1	OTU_95	99.3	140	1	0	1	140	1	142	-1	0
M01498:848:000000000-K2NBK:1:1101:16056:11168;size=1	OTU_20	97.9	142	3	0	1	142	1	142	-1	0
M01498:848:000000000-K2NBK:1:1101:16438:7020;size=1	OTU_220	100.0	141	0	0	1	142	1	141	-1	0
M01498:848:000000000-K2NBK:1:1101:19210:16534;size=1	OTU_20	97.2	142	4	0	1	142	1	142	-1	0
M01498:848:000000000-K2NBK:1:1101:16686:16533;size=1	OTU_13	97.9	142	3	0	1	142	1	142	-1	0
M01498:848:000000000-K2NBK:1:1101:24652:6130;size=1	OTU_3	98.6	142	2	0	1	142	1	142	-1	0
M01498:848:000000000-K2NBK:1:1101:26761:7951;size=1	OTU_8	99.3	142	1	0	1	142	1	142	-1	0
M01498:848:000000000-K2NBK:1:2114:22152:10145;size=2	OTU_349	100.0	142	0	0	1	142	1	142	-1	0
M01498:848:000000000-K2NBK:1:1101:3298:17053;size=1	OTU_3	97.2	142	4	0	1	142	1	142	-1	0
M01498:848:000000000-K2NBK:1:1101:3692:12084;size=1	OTU_99	97.2	142	4	0	1	142	1	142	-1	0
M01498:848:000000000-K2NBK:1:1101:4832:18435;size=1	OTU_20	97.2	142	4	0	1	142	1	142	-1	0
M01498:848:000000000-K2NBK:1:1102:10949:22365;size=1	OTU_59	98.6	142	2	0	1	142	1	142	-1	0
M01498:848:000000000-K2NBK:1:1101:5881:17438;size=1	OTU_99	99.3	142	1	0	1	142	1	142	-1	0
M01498:848:000000000-K2NBK:1:1102:11280:23930;size=1	OTU_34	97.9	142	3	0	1	142	1	142	-1	0
M01498:848:000000000-K2NBK:1:1102:11768:11755;size=1	OTU_61	100.0	140	0	0	1	140	1	142	-1	0
M01498:848:000000000-K2NBK:1:1102:12945:20268;size=1	OTU_58	98.6	142	2	0	1	142	1	142	-1	0
M01498:848:000000000-K2NBK:1:1102:13187:5277;size=1	OTU_66	99.3	142	1	0	1	142	1	142	-1	0
M01498:848:000000000-K2NBK:1:1102:21333:23315;size=1	OTU_22	98.6	142	2	0	1	142	1	142	-1	0
M01498:848:000000000-K2NBK:1:1102:14034:19941;size=1	OTU_182	98.6	142	2	0	1	142	1	142	-1	0
M01498:848:000000000-K2NBK:1:1102:14807:5580;size=1	OTU_6	98.6	142	2	0	1	142	1	142	-1	0
M01498:848:000000000-K2NBK:1:1102:14426:24877;size=1	OTU_22	97.9	142	3	0	1	142	1	142	-1	0
M01498:848:000000000-K2NBK:1:1102:17244:12947;size=1	OTU_93	99.3	142	1	0	1	142	1	142	-1	0
M01498:848:000000000-K2NBK:1:1102:22706:14096;size=1	OTU_80	99.3	142	1	0	1	142	1	142	-1	0
M01498:848:000000000-K2NBK:1:1102:23180:7348;size=1	OTU_61	99.3	142	1	0	1	142	1	142	-1	0
M01498:848:000000000-K2NBK:1:1102:24050:10437;size=1	OTU_81	98.6	142	2	0	1	142	1	142	-1	0
M01498:848:000000000-K2NBK:1:1102:3182:16565;size=1	OTU_3	98.6	142	2	0	1	142	1	142	-1	0
M01498:848:000000000-K2NBK:1:1102:3393:14416;size=1	OTU_20	97.2	142	4	0	1	142	1	142	-1	0
M01498:848:000000000-K2NBK:1:1101:27807:15448;size=1	OTU_42	99.3	142	1	0	1	142	1	142	-1	0
M01498:848:000000000-K2NBK:1:1102:8257:18780;size=1	OTU_288	97.9	141	3	0	1	141	1	142	-1	0
M01498:848:000000000-K2NBK:1:1103:10078:14667;size=1	OTU_101	99.3	142	1	0	1	142	1	142	-1	0
M01498:848:000000000-K2NBK:1:1103:10792:18150;size=1	OTU_21	97.2	142	4	0	1	142	1	142	-1	0
M01498:848:000000000-K2NBK:1:1103:11185:12776;size=1	OTU_79	99.3	142	1	0	1	142	1	142	-1	0
M01498:848:000000000-K2NBK:1:1103:12334:17268;size=1	OTU_49	99.3	142	0	1	1	141	1	142	-1	0
M01498:848:000000000-K2NBK:1:1103:12976:27138;size=1	OTU_26	98.6	142	2	0	1	142	1	142	-1	0
M01498:848:000000000-K2NBK:1:1103:15020:2597;size=1	OTU_105	99.3	142	1	0	1	142	1	142	-1	0
M01498:848:000000000-K2NBK:1:1103:16651:2036;size=1	OTU_1	99.3	141	1	0	1	141	1	142	-1	0
M01498:848:000000000-K2NBK:1:1103:16589:9090;size=1	OTU_35	98.6	142	2	0	1	142	1	142	-1	0
M01498:848:000000000-K2NBK:1:1103:16797:19867;size=1	OTU_1	99.3	140	1	0	1	140	1	142	-1	0
M01498:848:000000000-K2NBK:1:1103:17561:23426;size=1	OTU_41	100.0	142	0	0	1	142	1	142	-1	0
M01498:848:000000000-K2NBK:1:1103:19704:27690;size=1	OTU_21	97.9	142	3	0	1	142	1	142	-1	0
M01498:848:000000000-K2NBK:1:1103:20235:11705;size=1	OTU_26	98.6	142	2	0	1	142	1	142	-1	0
M01498:848:000000000-K2NBK:1:1103:20569:4811;size=1	OTU_4	99.3	142	1	0	1	142	1	142	-1	0
M01498:848:000000000-K2NBK:1:1103:23454:7576;size=1	OTU_26	99.3	142	1	0	1	142	1	142	-1	0
M01498:848:000000000-K2NBK:1:1103:19313:6551;size=1	OTU_93	99.3	142	1	0	1	142	1	142	-1	0
M01498:848:000000000-K2NBK:1:1103:24805:5702;size=1	OTU_3	98.6	142	2	0	1	142	1	142	-1	0
M01498:848:000000000-K2NBK:1:1103:2491:15479;size=1	OTU_88	98.6	142	2	0	1	142	1	142	-1	0
M01498:848:000000000-K2NBK:1:1103:26860:18428;size=1	OTU_81	98.6	142	2	0	1	142	1	142	-1	0
M01498:848:000000000-K2NBK:1:1103:29259:15289;size=1	OTU_66	97.9	142	3	0	1	142	1	142	-1	0
M01498:848:000000000-K2NBK:1:1103:29627:14404;size=1	OTU_319	98.6	142	2	0	1	142	1	142	-1	0
M01498:848:000000000-K2NBK:1:1103:3804:15295;size=1	OTU_49	99.3	142	1	0	1	142	1	142	-1	0
M01498:848:000000000-K2NBK:1:1103:8805:5631;size=1	OTU_20	99.3	142	1	0	1	142	1	142	-1	0
M01498:848:000000000-K2NBK:1:1104:10099:22139;size=1	OTU_80	99.3	142	1	0	1	142	1	142	-1	0
M01498:848:000000000-K2NBK:1:1104:10847:23777;size=1	OTU_35	99.3	142	1	0	1	142	1	142	-1	0
M01498:848:000000000-K2NBK:1:1104:14653:22052;size=1	OTU_26	100.0	140	0	0	1	140	1	142	-1	0
M01498:848:000000000-K2NBK:1:1104:14926:6011;size=1	OTU_26	99.3	142	1	0	1	142	1	142	-1	0
M01498:848:000000000-K2NBK:1:1104:18823:14264;size=1	OTU_13	97.2	142	4	0	1	142	1	142	-1	0
M01498:848:000000000-K2NBK:1:1104:17484:19488;size=1	OTU_21	99.3	142	1	0	1	142	1	142	-1	0
M01498:848:000000000-K2NBK:1:1103:3231:17581;size=1	OTU_26	99.3	142	1	0	1	142	1	142	-1	0
M01498:848:000000000-K2NBK:1:1103:24595:9500;size=1	OTU_34	98.6	142	2	0	1	142	1	142	-1	0
M01498:848:000000000-K2NBK:1:1104:21345:3166;size=1	OTU_289	100.0	142	0	0	1	142	1	142	-1	0
M01498:848:000000000-K2NBK:1:1104:22441:13680;size=1	OTU_209	98.6	140	2	0	1	140	1	142	-1	0
M01498:848:000000000-K2NBK:1:1104:23804:20376;size=1	OTU_11	100.0	142	0	0	1	142	1	142	-1	0
M01498:848:000000000-K2NBK:1:1104:22480:22756;size=1	OTU_150	99.3	142	1	0	1	142	1	142	-1	0
M01498:848:000000000-K2NBK:1:1104:24193:9950;size=1	OTU_1	99.3	140	1	0	1	140	1	142	-1	0
M01498:848:000000000-K2NBK:1:1104:24346:17148;size=1	OTU_80	99.3	142	1	0	1	142	1	142	-1	0
M01498:848:000000000-K2NBK:1:1104:27991:16245;size=1	OTU_26	99.3	142	1	0	1	142	1	142	-1	0
M01498:848:000000000-K2NBK:1:1104:4343:17514;size=1	OTU_194	100.0	140	0	0	1	142	1	140	-1	0
M01498:848:000000000-K2NBK:1:1104:7853:23132;size=1	OTU_130	98.6	142	2	0	1	142	1	142	-1	0
M01498:848:000000000-K2NBK:1:1104:9737:13417;size=1	OTU_26	99.3	142	1	0	1	142	1	142	-1	0
M01498:848:000000000-K2NBK:1:1105:12105:15778;size=1	OTU_20	97.2	141	4	0	1	141	1	142	-1	0
M01498:848:000000000-K2NBK:1:1105:12438:19830;size=1	OTU_32	98.6	142	2	0	1	142	1	142	-1	0
M01498:848:000000000-K2NBK:1:1105:15894:28425;size=1	OTU_138	99.3	142	1	0	1	142	1	142	-1	0
M01498:848:000000000-K2NBK:1:1105:16068:6770;size=1	OTU_158	98.6	142	2	0	1	142	1	142	-1	0
M01498:848:000000000-K2NBK:1:1105:20538:22557;size=1	OTU_66	99.3	142	1	0	1	142	1	142	-1	0
M01498:848:000000000-K2NBK:1:1105:21705:9855;size=1	OTU_78	100.0	142	0	0	1	142	1	142	-1	0
M01498:848:000000000-K2NBK:1:1105:21817:13652;size=1	OTU_4	99.3	142	1	0	1	142	1	142	-1	0
M01498:848:000000000-K2NBK:1:1105:22844:3790;size=1	OTU_3	97.2	142	4	0	1	142	1	142	-1	0
M01498:848:000000000-K2NBK:1:1105:23105:23921;size=1	OTU_34	99.3	142	1	0	1	142	1	142	-1	0
M01498:848:000000000-K2NBK:1:1105:26001:11965;size=1	OTU_93	99.3	142	1	0	1	142	1	142	-1	0
M01498:848:000000000-K2NBK:1:1105:26372:10261;size=1	OTU_66	98.6	142	2	0	1	142	1	142	-1	0
M01498:848:000000000-K2NBK:1:1105:26315:20674;size=1	OTU_193	98.6	142	2	0	1	142	1	142	-1	0
M01498:848:000000000-K2NBK:1:1105:5375:21652;size=1	OTU_193	98.6	142	2	0	1	142	1	142	-1	0
M01498:848:000000000-K2NBK:1:1105:6474:13760;size=1	OTU_319	97.2	141	4	0	1	141	1	142	-1	0
M01498:848:000000000-K2NBK:1:1106:12195:24090;size=1	OTU_3	97.2	142	4	0	1	142	1	142	-1	0
M01498:848:000000000-K2NBK:1:1105:9088:6407;size=1	OTU_319	98.6	142	2	0	1	142	1	142	-1	0
M01498:848:000000000-K2NBK:1:1106:12751:5342;size=1	OTU_101	98.6	142	2	0	1	142	1	142	-1	0
M01498:848:000000000-K2NBK:1:1106:18316:17529;size=1	OTU_3	99.3	141	1	0	1	141	1	142	-1	0
M01498:848:000000000-K2NBK:1:1106:16816:24859;size=1	OTU_95	99.3	142	1	0	1	142	1	142	-1	0
M01498:848:000000000-K2NBK:1:1106:17372:27238;size=1	OTU_5	99.3	142	1	0	1	142	1	142	-1	0
M01498:848:000000000-K2NBK:1:1106:18358:22960;size=1	OTU_182	99.3	142	1	0	1	142	1	142	-1	0
M01498:848:000000000-K2NBK:1:1106:21548:8055;size=1	OTU_80	99.3	142	1	0	1	142	1	142	-1	0
M01498:848:000000000-K2NBK:1:1106:23604:24407;size=1	OTU_49	99.3	142	1	0	1	142	1	142	-1	0
M01498:848:000000000-K2NBK:1:1105:10238:16945;size=1	OTU_21	99.3	142	1	0	1	142	1	142	-1	0
M01498:848:000000000-K2NBK:1:1106:24449:8835;size=1	OTU_4	98.6	142	2	0	1	142	1	142	-1	0
M01498:848:000000000-K2NBK:1:1106:24459:8820;size=1	OTU_4	99.3	142	1	0	1	142	1	142	-1	0
M01498:848:000000000-K2NBK:1:1106:2517:11688;size=1	OTU_22	99.3	142	1	0	1	142	1	142	-1	0
M01498:848:000000000-K2NBK:1:1106:23222:7894;size=1	OTU_154	99.3	142	1	0	1	142	1	142	-1	0
M01498:848:000000000-K2NBK:1:1106:8942:10783;size=1	OTU_66	99.3	142	1	0	1	142	1	142	-1	0
M01498:848:000000000-K2NBK:1:1106:7365:8220;size=1	OTU_38	97.2	142	4	0	1	142	1	142	-1	0
M01498:848:000000000-K2NBK:1:1107:14272:9619;size=1	OTU_61	99.3	142	1	0	1	142	1	142	-1	0
M01498:848:000000000-K2NBK:1:1107:13199:14100;size=1	OTU_61	98.6	142	2	0	1	142	1	142	-1	0
M01498:848:000000000-K2NBK:1:1107:15267:17685;size=1	OTU_95	98.6	141	2	0	1	141	1	142	-1	0
M01498:848:000000000-K2NBK:1:1107:19173:11375;size=1	OTU_150	100.0	142	0	0	1	142	1	142	-1	0
M01498:848:000000000-K2NBK:1:1107:16356:7780;size=1	OTU_26	98.6	142	2	0	1	142	1	142	-1	0
M01498:848:000000000-K2NBK:1:1107:10773:14035;size=1	OTU_365	99.3	142	1	0	1	142	1	142	-1	0
M01498:848:000000000-K2NBK:1:1107:10317:8068;size=1	OTU_95	99.3	140	1	0	1	140	1	142	-1	0
M01498:848:000000000-K2NBK:1:1107:11680:26241;size=1	OTU_26	98.6	142	2	0	1	143	1	142	-1	0
M01498:848:000000000-K2NBK:1:1107:20506:19653;size=1	OTU_22	97.9	142	3	0	1	142	1	142	-1	0
M01498:848:000000000-K2NBK:1:1107:23487:12434;size=1	OTU_35	100.0	142	0	0	1	142	1	142	-1	0
M01498:848:000000000-K2NBK:1:1107:21922:11179;size=1	OTU_88	98.6	142	2	0	1	142	1	142	-1	0
M01498:848:000000000-K2NBK:1:1107:25647:24343;size=1	OTU_99	99.3	142	1	0	1	142	1	142	-1	0
M01498:848:000000000-K2NBK:1:1107:20204:19786;size=1	OTU_370	100.0	142	0	0	1	142	1	142	-1	0
M01498:848:000000000-K2NBK:1:1107:2974:18724;size=1	OTU_3	97.9	142	3	0	1	142	1	142	-1	0
M01498:848:000000000-K2NBK:1:1107:28948:18375;size=1	OTU_81	97.2	142	4	0	1	142	1	142	-1	0
M01498:848:000000000-K2NBK:1:1107:5820:9974;size=1	OTU_81	98.6	142	2	0	1	142	1	142	-1	0
M01498:848:000000000-K2NBK:1:1107:9876:7166;size=1	OTU_88	99.3	142	1	0	1	142	1	142	-1	0
M01498:848:000000000-K2NBK:1:1108:13836:19658;size=1	OTU_315	98.6	142	2	0	1	142	1	142	-1	0
M01498:848:000000000-K2NBK:1:1107:5598:23628;size=1	OTU_321	97.9	141	3	0	1	141	1	141	-1	0
M01498:848:000000000-K2NBK:1:1107:17337:9491;size=1	OTU_20	97.2	142	4	0	1	142	1	142	-1	0
M01498:848:000000000-K2NBK:1:1108:16329:9845;size=1	OTU_343	100.0	142	0	0	1	142	1	142	-1	0
M01498:848:000000000-K2NBK:1:1108:16842:8816;size=1	OTU_4	99.3	142	1	0	1	142	1	142	-1	0
M01498:848:000000000-K2NBK:1:1108:17736:2483;size=1	OTU_4	99.3	142	1	0	1	142	1	142	-1	0
M01498:848:000000000-K2NBK:1:1108:17589:28605;size=1	OTU_88	98.6	142	2	0	1	142	1	142	-1	0
M01498:848:000000000-K2NBK:1:1108:19887:22241;size=1	OTU_95	99.3	142	1	0	1	142	1	142	-1	0
M01498:848:000000000-K2NBK:1:1108:21300:7902;size=1	OTU_88	97.9	142	3	0	1	142	1	142	-1	0
M01498:848:000000000-K2NBK:1:1108:25194:9297;size=1	OTU_66	98.6	142	1	1	1	141	1	142	-1	0
M01498:848:000000000-K2NBK:1:1108:25732:24820;size=1	OTU_20	97.2	142	4	0	1	142	1	142	-1	0
M01498:848:000000000-K2NBK:1:1108:26630:21935;size=1	OTU_26	98.6	142	2	0	1	142	1	142	-1	0
M01498:848:000000000-K2NBK:1:1108:26697:22964;size=1	OTU_26	98.6	142	2	0	1	142	1	142	-1	0
M01498:848:000000000-K2NBK:1:1108:27097:8648;size=1	OTU_26	98.6	142	2	0	1	142	1	142	-1	0
M01498:848:000000000-K2NBK:1:1108:8580:19677;size=1	OTU_4	99.3	142	1	0	1	142	1	142	-1	0
M01498:848:000000000-K2NBK:1:1109:11150:3498;size=1	OTU_81	97.2	142	4	0	1	142	1	142	-1	0
M01498:848:000000000-K2NBK:1:1109:11418:3887;size=1	OTU_319	98.6	142	2	0	1	142	1	142	-1	0
M01498:848:000000000-K2NBK:1:1109:13298:20587;size=1	OTU_26	98.6	140	2	0	1	140	1	142	-1	0
M01498:848:000000000-K2NBK:1:1109:14211:19248;size=1	OTU_88	99.3	142	1	0	1	142	1	142	-1	0
M01498:848:000000000-K2NBK:1:1109:15331:19814;size=1	OTU_58	99.3	142	1	0	1	142	1	142	-1	0
M01498:848:000000000-K2NBK:1:1109:15492:7578;size=1	OTU_66	99.3	142	1	0	1	142	1	142	-1	0
M01498:848:000000000-K2NBK:1:1109:18302:23880;size=1	OTU_26	98.6	141	2	0	1	141	1	142	-1	0
M01498:848:000000000-K2NBK:1:1109:20580:11172;size=1	OTU_20	97.2	142	4	0	1	142	1	142	-1	0
M01498:848:000000000-K2NBK:1:1109:22554:10502;size=1	OTU_124	99.3	140	1	0	1	141	1	140	-1	0
M01498:848:000000000-K2NBK:1:1109:22353:20947;size=1	OTU_26	99.3	142	1	0	1	142	1	142	-1	0
M01498:848:000000000-K2NBK:1:1109:23020:4192;size=1	OTU_10	99.3	141	1	0	1	141	1	141	-1	0
M01498:848:000000000-K2NBK:1:1108:15161:6559;size=1	OTU_56	99.3	142	1	0	1	142	1	142	-1	0
M01498:848:000000000-K2NBK:1:1109:25544:5356;size=1	OTU_26	99.3	142	1	0	1	142	1	142	-1	0
M01498:848:000000000-K2NBK:1:1109:4391:18724;size=1	OTU_22	98.6	142	2	0	1	142	1	142	-1	0
M01498:848:000000000-K2NBK:1:1109:2414:15030;size=1	OTU_376	100.0	142	0	0	1	142	1	142	-1	0
M01498:848:000000000-K2NBK:1:1109:5372:24399;size=1	OTU_20	97.2	142	4	0	1	142	1	142	-1	0
M01498:848:000000000-K2NBK:1:1109:8048:23254;size=1	OTU_56	99.3	142	1	0	1	142	1	142	-1	0
M01498:848:000000000-K2NBK:1:1110:10467:6625;size=1	OTU_8	98.6	142	2	0	1	142	1	142	-1	0
M01498:848:000000000-K2NBK:1:1110:10902:17268;size=1	OTU_10	99.3	140	1	0	1	140	1	141	-1	0
M01498:848:000000000-K2NBK:1:1110:13818:27482;size=1	OTU_49	100.0	142	0	0	1	142	1	142	-1	0
M01498:848:000000000-K2NBK:1:1110:13272:21153;size=1	OTU_209	99.3	141	1	0	1	141	1	142	-1	0
M01498:848:000000000-K2NBK:1:1110:12570:22719;size=1	OTU_4	99.3	142	1	0	1	142	1	142	-1	0
M01498:848:000000000-K2NBK:1:1110:16392:7387;size=1	OTU_26	99.3	142	1	0	1	142	1	142	-1	0
M01498:848:000000000-K2NBK:1:1110:20887:15277;size=1	OTU_93	98.6	142	2	0	1	142	1	142	-1	0
M01498:848:000000000-K2NBK:1:1110:22028:9329;size=1	OTU_133	100.0	142	0	0	1	142	1	142	-1	0
M01498:848:000000000-K2NBK:1:1110:28177:20498;size=1	OTU_20	97.2	142	4	0	1	142	1	142	-1	0
M01498:848:000000000-K2NBK:1:1110:5649:18778;size=1	OTU_20	97.2	142	4	0	1	142	1	142	-1	0
M01498:848:000000000-K2NBK:1:1110:6639:12592;size=1	OTU_67	99.3	142	1	0	1	142	1	142	-1	0
M01498:848:000000000-K2NBK:1:1110:27714:12807;size=1	OTU_278	100.0	142	0	0	1	142	1	142	-1	0
M01498:848:000000000-K2NBK:1:1110:6969:17500;size=1	OTU_93	99.3	142	1	0	1	142	1	142	-1	0
M01498:848:000000000-K2NBK:1:1110:8681:12360;size=1	OTU_81	98.6	142	2	0	1	142	1	142	-1	0
M01498:848:000000000-K2NBK:1:1111:16534:9804;size=1	OTU_20	97.2	142	3	1	1	141	1	142	-1	0
M01498:848:000000000-K2NBK:1:1111:18858:20636;size=1	OTU_26	99.3	142	1	0	1	142	1	142	-1	0
M01498:848:000000000-K2NBK:1:1110:5466:20459;size=1	OTU_4	99.3	142	1	0	1	142	1	142	-1	0
M01498:848:000000000-K2NBK:1:1110:7349:8430;size=1	OTU_93	100.0	142	0	0	1	143	1	142	-1	0
M01498:848:000000000-K2NBK:1:1111:7838:12565;size=1	OTU_198	98.6	141	2	0	1	141	1	142	-1	0
M01498:848:000000000-K2NBK:1:1111:8495:3385;size=1	OTU_194	98.6	140	2	0	1	142	1	140	-1	0
M01498:848:000000000-K2NBK:1:1110:9396:6664;size=1	OTU_95	99.3	142	1	0	1	142	1	142	-1	0
M01498:848:000000000-K2NBK:1:1112:14234:7703;size=1	OTU_81	98.6	142	2	0	1	142	1	142	-1	0
M01498:848:000000000-K2NBK:1:1112:14416:11180;size=1	OTU_66	98.6	142	2	0	1	142	1	142	-1	0
M01498:848:000000000-K2NBK:1:1112:20036:21642;size=1	OTU_80	99.3	142	1	0	1	142	1	142	-1	0
M01498:848:000000000-K2NBK:1:1112:21168:4814;size=1	OTU_247	98.6	142	2	0	1	142	1	142	-1	0
M01498:848:000000000-K2NBK:1:1112:21331:18197;size=1	OTU_26	98.6	142	2	0	1	142	1	142	-1	0
M01498:848:000000000-K2NBK:1:1112:21622:19055;size=1	OTU_26	98.6	142	2	0	1	142	1	142	-1	0
M01498:848:000000000-K2NBK:1:1112:22822:23012;size=1	OTU_43	99.3	142	1	0	1	142	1	142	-1	0
M01498:848:000000000-K2NBK:1:1112:23681:22756;size=1	OTU_95	99.3	141	1	0	1	141	1	142	-1	0
M01498:848:000000000-K2NBK:1:1112:25444:15176;size=1	OTU_20	97.2	142	4	0	1	142	1	142	-1	0
M01498:848:000000000-K2NBK:1:1112:26084:20905;size=1	OTU_10	97.9	140	3	0	1	140	1	141	-1	0
M01498:848:000000000-K2NBK:1:1112:26456:22195;size=1	OTU_99	98.6	142	2	0	1	142	1	142	-1	0
M01498:848:000000000-K2NBK:1:1112:4021:12662;size=1	OTU_81	98.6	142	2	0	1	142	1	142	-1	0
M01498:848:000000000-K2NBK:1:1112:5968:8857;size=1	OTU_319	100.0	142	0	0	1	142	1	142	-1	0
M01498:848:000000000-K2NBK:1:1113:10524:16942;size=1	OTU_188	99.3	142	1	0	1	142	1	142	-1	0
M01498:848:000000000-K2NBK:1:1113:13045:5810;size=1	OTU_93	98.6	142	2	0	1	142	1	142	-1	0
M01498:848:000000000-K2NBK:1:1113:13531:10128;size=1	OTU_34	98.6	142	2	0	1	142	1	142	-1	0
M01498:848:000000000-K2NBK:1:1113:15654:19049;size=1	OTU_20	97.2	142	4	0	1	142	1	142	-1	0
M01498:848:000000000-K2NBK:1:1113:15950:5712;size=1	OTU_34	99.3	142	1	0	1	142	1	142	-1	0
M01498:848:000000000-K2NBK:1:1113:3430:16120;size=1	OTU_4	99.3	142	1	0	1	142	1	142	-1	0
M01498:848:000000000-K2NBK:1:1112:16958:25781;size=1	OTU_61	99.3	142	1	0	1	142	1	142	-1	0
M01498:848:000000000-K2NBK:1:1113:4741:23581;size=1	OTU_1	99.3	140	1	0	1	140	1	142	-1	0
M01498:848:000000000-K2NBK:1:1113:5718:18378;size=1	OTU_26	98.6	142	2	0	1	142	1	142	-1	0
M01498:848:000000000-K2NBK:1:1113:17094:21213;size=1	OTU_95	99.3	142	1	0	1	142	1	142	-1	0
M01498:848:000000000-K2NBK:1:1114:11279:15958;size=1	OTU_66	99.3	142	1	0	1	142	1	142	-1	0
M01498:848:000000000-K2NBK:1:1113:20994:11243;size=1	OTU_26	98.6	142	2	0	1	142	1	142	-1	0
M01498:848:000000000-K2NBK:1:1114:12919:3327;size=1	OTU_45	98.6	142	2	0	1	142	1	142	-1	0
M01498:848:000000000-K2NBK:1:1114:14259:18434;size=1	OTU_182	99.3	142	1	0	1	142	1	142	-1	0
M01498:848:000000000-K2NBK:1:1114:13848:24828;size=1	OTU_59	97.2	142	4	0	1	142	1	142	-1	0
M01498:848:000000000-K2NBK:1:1114:15460:21426;size=1	OTU_4	99.3	142	1	0	1	142	1	142	-1	0
M01498:848:000000000-K2NBK:1:1114:16566:11484;size=1	OTU_20	97.2	142	4	0	1	142	1	142	-1	0
M01498:848:000000000-K2NBK:1:1114:24974:8568;size=1	OTU_26	99.3	142	1	0	1	142	1	142	-1	0
M01498:848:000000000-K2NBK:1:1114:26684:14186;size=1	OTU_417	100.0	141	0	0	1	141	1	142	-1	0
M01498:848:000000000-K2NBK:1:1114:22514:7853;size=1	OTU_4	99.3	142	1	0	1	142	1	142	-1	0
M01498:848:000000000-K2NBK:1:1114:3771:17048;size=1	OTU_26	98.6	142	2	0	1	142	1	142	-1	0
M01498:848:000000000-K2NBK:1:1114:6629:22334;size=1	OTU_61	99.3	142	1	0	1	142	1	142	-1	0
M01498:848:000000000-K2NBK:1:1114:8872:19792;size=1	OTU_81	98.6	142	2	0	1	142	1	142	-1	0
M01498:848:000000000-K2NBK:1:2101:10539:7173;size=1	OTU_21	97.9	142	3	0	1	142	1	142	-1	0
M01498:848:000000000-K2NBK:1:1114:7758:21820;size=1	OTU_20	97.2	142	4	0	1	143	1	142	-1	0
M01498:848:000000000-K2NBK:1:2101:11747:16085;size=1	OTU_26	98.6	142	2	0	1	142	1	142	-1	0
M01498:848:000000000-K2NBK:1:1114:20376:5799;size=1	OTU_3	98.6	141	2	0	1	141	1	142	-1	0
M01498:848:000000000-K2NBK:1:2101:12246:28785;size=1	OTU_26	98.6	142	2	0	1	142	1	142	-1	0
M01498:848:000000000-K2NBK:1:2101:15265:19926;size=1	OTU_34	99.3	142	1	0	1	142	1	142	-1	0
M01498:848:000000000-K2NBK:1:1114:27018:17622;size=1	OTU_26	98.6	142	2	0	1	142	1	142	-1	0
M01498:848:000000000-K2NBK:1:2101:14723:3364;size=1	OTU_20	97.2	142	4	0	1	142	1	142	-1	0
M01498:848:000000000-K2NBK:1:2101:13342:17341;size=1	OTU_29	99.3	142	1	0	1	142	1	142	-1	0
M01498:848:000000000-K2NBK:1:2101:15544:11360;size=1	OTU_80	99.3	142	1	0	1	142	1	142	-1	0
M01498:848:000000000-K2NBK:1:2101:15550:2524;size=1	OTU_26	98.6	142	2	0	1	142	1	142	-1	0
M01498:848:000000000-K2NBK:1:2101:15554:18591;size=1	OTU_26	99.3	142	1	0	1	142	1	142	-1	0
M01498:848:000000000-K2NBK:1:2101:15588:20918;size=1	OTU_3	97.9	142	3	0	1	142	1	142	-1	0
M01498:848:000000000-K2NBK:1:2101:16448:15625;size=1	OTU_66	99.3	142	1	0	1	142	1	142	-1	0
M01498:848:000000000-K2NBK:1:2101:15839:11895;size=1	OTU_95	98.6	142	2	0	1	142	1	142	-1	0
M01498:848:000000000-K2NBK:1:2101:16471:11576;size=1	OTU_20	97.2	142	4	0	1	142	1	142	-1	0
M01498:848:000000000-K2NBK:1:2101:17908:25104;size=1	OTU_81	97.2	142	4	0	1	142	1	142	-1	0
M01498:848:000000000-K2NBK:1:2101:18386:14870;size=1	OTU_22	99.3	142	1	0	1	142	1	142	-1	0
M01498:848:000000000-K2NBK:1:2101:19357:14358;size=1	OTU_81	98.6	142	2	0	1	142	1	142	-1	0
M01498:848:000000000-K2NBK:1:2101:20695:12400;size=1	OTU_95	99.3	142	1	0	1	142	1	142	-1	0
M01498:848:000000000-K2NBK:1:2101:23572:12902;size=1	OTU_88	98.6	142	2	0	1	142	1	142	-1	0
M01498:848:000000000-K2NBK:1:2101:23841:20040;size=1	OTU_188	98.6	142	2	0	1	142	1	142	-1	0
M01498:848:000000000-K2NBK:1:2101:24739:25899;size=1	OTU_5	99.3	142	1	0	1	142	1	142	-1	0
M01498:848:000000000-K2NBK:1:2101:24150:5922;size=1	OTU_26	99.3	142	1	0	1	142	1	142	-1	0
M01498:848:000000000-K2NBK:1:2101:25742:18777;size=1	OTU_26	99.3	142	1	0	1	142	1	142	-1	0
M01498:848:000000000-K2NBK:1:2101:25982:19689;size=1	OTU_319	98.6	142	2	0	1	142	1	142	-1	0
M01498:848:000000000-K2NBK:1:2101:26251:18285;size=1	OTU_75	100.0	141	0	0	1	141	1	142	-1	0
M01498:848:000000000-K2NBK:1:2101:27431:11068;size=1	OTU_278	99.3	142	1	0	1	142	1	142	-1	0
M01498:848:000000000-K2NBK:1:2101:6482:7370;size=1	OTU_66	99.3	142	1	0	1	142	1	142	-1	0
M01498:848:000000000-K2NBK:1:2101:2796:12786;size=1	OTU_130	99.3	142	1	0	1	142	1	142	-1	0
M01498:848:000000000-K2NBK:1:2101:2387:19335;size=1	OTU_247	98.6	142	1	1	1	141	1	142	-1	0
M01498:848:000000000-K2NBK:1:2101:4859:10014;size=1	OTU_26	97.2	142	4	0	1	142	1	142	-1	0
M01498:848:000000000-K2NBK:1:2101:7048:25009;size=1	OTU_319	98.6	142	2	0	1	142	1	142	-1	0
M01498:848:000000000-K2NBK:1:2101:7306:22683;size=1	OTU_80	99.3	142	1	0	1	142	1	142	-1	0
M01498:848:000000000-K2NBK:1:2101:8621:10059;size=1	OTU_140	97.9	141	3	0	1	141	1	142	-1	0
M01498:848:000000000-K2NBK:1:2102:15741:8866;size=1	OTU_10	99.3	141	1	0	1	142	1	141	-1	0
M01498:848:000000000-K2NBK:1:2102:15955:22410;size=1	OTU_209	100.0	142	0	0	1	142	1	142	-1	0
M01498:848:000000000-K2NBK:1:2102:17043:3229;size=1	OTU_26	99.3	142	1	0	1	142	1	142	-1	0
M01498:848:000000000-K2NBK:1:2102:18744:27667;size=1	OTU_20	98.6	142	2	0	1	142	1	142	-1	0
M01498:848:000000000-K2NBK:1:2102:16666:19092;size=1	OTU_20	97.2	142	4	0	1	142	1	142	-1	0
M01498:848:000000000-K2NBK:1:2101:22731:17418;size=1	OTU_58	99.3	142	1	0	1	142	1	142	-1	0
M01498:848:000000000-K2NBK:1:2101:7714:12069;size=1	OTU_20	97.2	142	4	0	1	142	1	142	-1	0
M01498:848:000000000-K2NBK:1:2102:17542:22296;size=1	OTU_26	97.9	142	3	0	1	142	1	142	-1	0
M01498:848:000000000-K2NBK:1:2102:17697:7850;size=1	OTU_166	99.3	142	1	0	1	142	1	142	-1	0
M01498:848:000000000-K2NBK:1:2102:17177:3473;size=1	OTU_67	99.3	142	1	0	1	142	1	142	-1	0
M01498:848:000000000-K2NBK:1:2102:20101:27238;size=1	OTU_20	97.2	142	4	0	1	142	1	142	-1	0
M01498:848:000000000-K2NBK:1:2102:20397:6553;size=1	OTU_48	100.0	142	0	0	1	142	1	142	-1	0
M01498:848:000000000-K2NBK:1:2102:21490:13585;size=1	OTU_34	97.9	142	3	0	1	142	1	142	-1	0
M01498:848:000000000-K2NBK:1:2102:2121:18124;size=1	OTU_13	98.6	142	2	0	1	142	1	142	-1	0
M01498:848:000000000-K2NBK:1:2102:28311:16224;size=1	OTU_99	97.9	142	3	0	1	142	1	142	-1	0
M01498:848:000000000-K2NBK:1:2102:24920:18369;size=1	OTU_26	98.6	142	2	0	1	142	1	142	-1	0
M01498:848:000000000-K2NBK:1:2102:4263:18724;size=1	OTU_26	99.3	142	0	1	1	141	1	142	-1	0
M01498:848:000000000-K2NBK:1:2102:6343:18658;size=1	OTU_81	99.3	142	1	0	1	142	1	142	-1	0
M01498:848:000000000-K2NBK:1:2102:25440:25095;size=1	OTU_26	98.6	142	2	0	1	143	1	142	-1	0
M01498:848:000000000-K2NBK:1:2102:21457:21429;size=1	OTU_315	99.3	142	1	0	1	142	1	142	-1	0
M01498:848:000000000-K2NBK:1:2102:4822:17253;size=1	OTU_66	99.3	142	1	0	1	142	1	142	-1	0
M01498:848:000000000-K2NBK:1:2102:19510:19321;size=1	OTU_34	99.3	142	1	0	1	142	1	142	-1	0
M01498:848:000000000-K2NBK:1:2102:20621:2642;size=1	OTU_26	99.3	142	1	0	1	142	1	142	-1	0
M01498:848:000000000-K2NBK:1:2102:6548:11850;size=1	OTU_20	97.2	142	4	0	1	142	1	142	-1	0
M01498:848:000000000-K2NBK:1:2102:6548:13089;size=1	OTU_144	97.9	142	3	0	1	142	1	142	-1	0
M01498:848:000000000-K2NBK:1:2102:26913:9940;size=1	OTU_95	98.6	142	2	0	1	142	1	142	-1	0
M01498:848:000000000-K2NBK:1:2102:8003:3856;size=1	OTU_240	100.0	142	0	0	1	142	1	142	-1	0
M01498:848:000000000-K2NBK:1:2102:6260:17167;size=1	OTU_5	99.3	142	1	0	1	142	1	142	-1	0
M01498:848:000000000-K2NBK:1:2102:8414:24452;size=1	OTU_34	98.6	142	2	0	1	142	1	142	-1	0
M01498:848:000000000-K2NBK:1:2102:8499:25006;size=1	OTU_150	97.9	140	3	0	1	140	1	142	-1	0
M01498:848:000000000-K2NBK:1:2103:10977:23939;size=1	OTU_81	98.6	142	2	0	1	142	1	142	-1	0
M01498:848:000000000-K2NBK:1:2103:18353:8711;size=1	OTU_66	97.9	142	3	0	1	142	1	142	-1	0
M01498:848:000000000-K2NBK:1:2103:11498:7996;size=1	OTU_81	98.6	142	2	0	1	142	1	142	-1	0
M01498:848:000000000-K2NBK:1:2103:20882:8824;size=1	OTU_101	99.3	142	1	0	1	142	1	142	-1	0
M01498:848:000000000-K2NBK:1:2103:21083:28250;size=1	OTU_26	98.6	142	2	0	1	142	1	142	-1	0
M01498:848:000000000-K2NBK:1:2103:22110:8851;size=1	OTU_140	99.3	142	1	0	1	142	1	142	-1	0
M01498:848:000000000-K2NBK:1:2103:25883:18182;size=1	OTU_95	98.6	141	2	0	1	141	1	142	-1	0
M01498:848:000000000-K2NBK:1:2103:24449:23788;size=1	OTU_80	99.3	142	1	0	1	142	1	142	-1	0
M01498:848:000000000-K2NBK:1:2103:26415:24350;size=1	OTU_26	98.6	142	2	0	1	142	1	142	-1	0
M01498:848:000000000-K2NBK:1:2104:10350:19589;size=1	OTU_26	99.3	142	1	0	1	142	1	142	-1	0
M01498:848:000000000-K2NBK:1:2103:5322:8766;size=1	OTU_10	99.3	141	1	0	1	141	1	141	-1	0
M01498:848:000000000-K2NBK:1:2103:8010:7346;size=1	OTU_3	98.6	142	2	0	1	142	1	142	-1	0
M01498:848:000000000-K2NBK:1:2103:9307:10903;size=1	OTU_26	99.3	142	0	1	1	141	1	142	-1	0
M01498:848:000000000-K2NBK:1:2103:9451:26634;size=1	OTU_93	99.3	142	1	0	1	142	1	142	-1	0
M01498:848:000000000-K2NBK:1:2103:8801:10484;size=1	OTU_130	98.6	142	2	0	1	142	1	142	-1	0
M01498:848:000000000-K2NBK:1:2103:9443:26649;size=1	OTU_93	98.6	142	2	0	1	142	1	142	-1	0
M01498:848:000000000-K2NBK:1:2104:14014:15024;size=1	OTU_81	98.6	142	2	0	1	142	1	142	-1	0
M01498:848:000000000-K2NBK:1:2103:26217:20435;size=1	OTU_33	99.3	142	1	0	1	142	1	142	-1	0
M01498:848:000000000-K2NBK:1:2104:14757:3563;size=1	OTU_26	98.6	142	2	0	1	142	1	142	-1	0
M01498:848:000000000-K2NBK:1:2104:20800:4857;size=1	OTU_81	98.6	142	2	0	1	142	1	142	-1	0
M01498:848:000000000-K2NBK:1:2104:21529:26559;size=1	OTU_26	99.3	142	1	0	1	142	1	142	-1	0
M01498:848:000000000-K2NBK:1:2104:22129:6868;size=1	OTU_26	99.3	142	1	0	1	142	1	142	-1	0
M01498:848:000000000-K2NBK:1:2104:28652:12752;size=1	OTU_319	98.6	142	2	0	1	142	1	142	-1	0
M01498:848:000000000-K2NBK:1:2104:8669:15591;size=1	OTU_95	100.0	142	0	0	1	143	1	142	-1	0
M01498:848:000000000-K2NBK:1:2105:10992:11904;size=1	OTU_81	99.3	142	1	0	1	142	1	142	-1	0
M01498:848:000000000-K2NBK:1:2104:5267:15525;size=1	OTU_81	99.3	142	1	0	1	142	1	142	-1	0
M01498:848:000000000-K2NBK:1:2105:11980:9684;size=1	OTU_34	99.3	142	1	0	1	142	1	142	-1	0
M01498:848:000000000-K2NBK:1:2105:12375:16926;size=1	OTU_26	99.3	141	1	0	1	141	1	142	-1	0
M01498:848:000000000-K2NBK:1:2104:6157:12286;size=1	OTU_20	97.2	142	4	0	1	143	1	142	-1	0
M01498:848:000000000-K2NBK:1:2105:12116:20899;size=1	OTU_1	99.3	142	1	0	1	142	1	142	-1	0
M01498:848:000000000-K2NBK:1:2105:14822:14769;size=1	OTU_80	99.3	142	1	0	1	142	1	142	-1	0
M01498:848:000000000-K2NBK:1:2105:15996:3329;size=1	OTU_99	97.2	142	4	0	1	142	1	142	-1	0
M01498:848:000000000-K2NBK:1:2105:17878:3799;size=1	OTU_32	99.3	142	1	0	1	142	1	142	-1	0
M01498:848:000000000-K2NBK:1:2104:26141:16967;size=1	OTU_95	99.3	140	1	0	1	140	1	142	-1	0
M01498:848:000000000-K2NBK:1:2105:19577:22966;size=1	OTU_13	97.9	142	3	0	1	142	1	142	-1	0
M01498:848:000000000-K2NBK:1:2105:17731:24756;size=1	OTU_80	99.3	142	1	0	1	142	1	142	-1	0
M01498:848:000000000-K2NBK:1:2105:20458:21627;size=1	OTU_426	97.2	141	4	0	1	142	1	141	-1	0
M01498:848:000000000-K2NBK:1:2105:22240:25895;size=1	OTU_398	100.0	141	0	0	1	141	1	142	-1	0
M01498:848:000000000-K2NBK:1:2105:20631:17444;size=1	OTU_45	99.3	142	0	1	1	141	1	142	-1	0
M01498:848:000000000-K2NBK:1:2105:21273:16390;size=1	OTU_34	97.9	142	3	0	1	142	1	142	-1	0
M01498:848:000000000-K2NBK:1:2105:23017:9624;size=1	OTU_26	97.2	142	4	0	1	142	1	142	-1	0
M01498:848:000000000-K2NBK:1:2105:24120:13013;size=1	OTU_95	99.3	141	1	0	1	141	1	142	-1	0
M01498:848:000000000-K2NBK:1:2105:24304:14215;size=1	OTU_20	97.2	142	4	0	1	142	1	142	-1	0
M01498:848:000000000-K2NBK:1:2105:24996:19105;size=1	OTU_1	99.3	142	1	0	1	142	1	142	-1	0
M01498:848:000000000-K2NBK:1:2105:6248:12511;size=1	OTU_222	99.3	141	1	0	1	141	1	142	-1	0
M01498:848:000000000-K2NBK:1:2105:26672:21473;size=1	OTU_10	99.3	140	1	0	1	140	1	141	-1	0
M01498:848:000000000-K2NBK:1:2105:7191:20898;size=1	OTU_26	99.3	142	1	0	1	142	1	142	-1	0
M01498:848:000000000-K2NBK:1:2105:7190:15131;size=1	OTU_154	99.3	142	1	0	1	142	1	142	-1	0
M01498:848:000000000-K2NBK:1:2105:7419:10821;size=1	OTU_20	97.2	142	4	0	1	142	1	142	-1	0
M01498:848:000000000-K2NBK:1:2105:8458:8921;size=1	OTU_26	97.9	142	3	0	1	142	1	142	-1	0
M01498:848:000000000-K2NBK:1:2105:9719:6512;size=1	OTU_26	98.6	142	2	0	1	142	1	142	-1	0
M01498:848:000000000-K2NBK:1:2106:11168:27554;size=1	OTU_26	98.6	142	2	0	1	142	1	142	-1	0
M01498:848:000000000-K2NBK:1:2106:10272:7043;size=1	OTU_124	99.3	140	1	0	1	140	1	140	-1	0
M01498:848:000000000-K2NBK:1:2106:11913:14476;size=1	OTU_66	99.3	142	1	0	1	142	1	142	-1	0
M01498:848:000000000-K2NBK:1:2106:13039:19082;size=1	OTU_34	99.3	142	1	0	1	142	1	142	-1	0
M01498:848:000000000-K2NBK:1:2106:13192:8668;size=1	OTU_61	99.3	142	1	0	1	142	1	142	-1	0
M01498:848:000000000-K2NBK:1:2106:13876:9290;size=1	OTU_81	99.3	142	1	0	1	142	1	142	-1	0
M01498:848:000000000-K2NBK:1:2105:7189:12431;size=1	OTU_49	99.3	142	1	0	1	142	1	142	-1	0
M01498:848:000000000-K2NBK:1:2106:17179:11297;size=1	OTU_197	100.0	141	0	0	1	141	1	142	-1	0
M01498:848:000000000-K2NBK:1:2106:16548:4549;size=1	OTU_95	100.0	140	0	0	1	140	1	142	-1	0
M01498:848:000000000-K2NBK:1:2106:14335:11167;size=1	OTU_99	98.6	142	2	0	1	142	1	142	-1	0
M01498:848:000000000-K2NBK:1:2105:9080:25573;size=1	OTU_45	99.3	142	1	0	1	142	1	142	-1	0
M01498:848:000000000-K2NBK:1:2106:17757:11607;size=1	OTU_2	99.3	141	1	0	1	141	1	142	-1	0
M01498:848:000000000-K2NBK:1:2106:17757:2331;size=1	OTU_66	99.3	142	1	0	1	142	1	142	-1	0
M01498:848:000000000-K2NBK:1:2106:16106:3861;size=1	OTU_26	99.3	142	1	0	1	143	1	142	-1	0
M01498:848:000000000-K2NBK:1:2106:22596:4865;size=1	OTU_198	100.0	142	0	0	1	142	1	142	-1	0
M01498:848:000000000-K2NBK:1:2106:24669:11033;size=1	OTU_1	99.3	142	1	0	1	142	1	142	-1	0
M01498:848:000000000-K2NBK:1:2106:25750:22926;size=1	OTU_26	99.3	142	1	0	1	142	1	142	-1	0
M01498:848:000000000-K2NBK:1:2106:26837:18548;size=1	OTU_26	99.3	142	1	0	1	143	1	142	-1	0
M01498:848:000000000-K2NBK:1:2106:23730:11074;size=1	OTU_32	99.3	142	1	0	1	142	1	142	-1	0
M01498:848:000000000-K2NBK:1:2106:26206:12171;size=1	OTU_22	98.6	142	2	0	1	142	1	142	-1	0
M01498:848:000000000-K2NBK:1:2106:28075:18907;size=1	OTU_22	99.3	142	1	0	1	142	1	142	-1	0
M01498:848:000000000-K2NBK:1:2106:8728:18787;size=1	OTU_81	97.9	142	3	0	1	142	1	142	-1	0
M01498:848:000000000-K2NBK:1:2106:9790:20202;size=1	OTU_67	99.3	142	1	0	1	142	1	142	-1	0
M01498:848:000000000-K2NBK:1:2106:5166:16774;size=1	OTU_1	99.3	142	1	0	1	142	1	142	-1	0
M01498:848:000000000-K2NBK:1:2107:10854:7242;size=1	OTU_26	97.9	142	3	0	1	142	1	142	-1	0
M01498:848:000000000-K2NBK:1:2106:19188:12054;size=1	OTU_21	97.9	142	3	0	1	142	1	142	-1	0
M01498:848:000000000-K2NBK:1:2107:12490:13308;size=1	OTU_45	98.6	142	2	0	1	142	1	142	-1	0
M01498:848:000000000-K2NBK:1:2107:12939:21870;size=1	OTU_81	97.9	142	3	0	1	142	1	142	-1	0
M01498:848:000000000-K2NBK:1:2107:12752:16540;size=1	OTU_42	100.0	142	0	0	1	144	1	142	-1	0
M01498:848:000000000-K2NBK:1:2107:14480:15503;size=1	OTU_140	99.3	142	1	0	1	142	1	142	-1	0
M01498:848:000000000-K2NBK:1:2107:15082:11556;size=1	OTU_81	98.6	142	2	0	1	142	1	142	-1	0
M01498:848:000000000-K2NBK:1:2107:11542:18191;size=1	OTU_20	97.2	142	4	0	1	142	1	142	-1	0
M01498:848:000000000-K2NBK:1:2107:15221:28790;size=1	OTU_95	99.3	140	1	0	1	140	1	142	-1	0
M01498:848:000000000-K2NBK:1:2107:15330:4129;size=1	OTU_319	98.6	142	1	1	1	141	1	142	-1	0
M01498:848:000000000-K2NBK:1:2107:16902:16621;size=1	OTU_93	99.3	142	1	0	1	142	1	142	-1	0
M01498:848:000000000-K2NBK:1:2107:17745:17160;size=1	OTU_130	99.3	142	1	0	1	142	1	142	-1	0
M01498:848:000000000-K2NBK:1:2107:17760:6951;size=1	OTU_319	97.9	142	3	0	1	142	1	142	-1	0
M01498:848:000000000-K2NBK:1:2107:11562:18124;size=1	OTU_26	99.3	140	1	0	1	140	1	142	-1	0
M01498:848:000000000-K2NBK:1:2107:19152:26758;size=1	OTU_93	97.9	142	3	0	1	142	1	142	-1	0
M01498:848:000000000-K2NBK:1:2107:22909:12189;size=1	OTU_140	99.3	142	1	0	1	142	1	142	-1	0
M01498:848:000000000-K2NBK:1:2107:27746:20969;size=1	OTU_66	99.3	142	1	0	1	142	1	142	-1	0
M01498:848:000000000-K2NBK:1:2107:4902:6644;size=1	OTU_34	98.6	142	2	0	1	142	1	142	-1	0
M01498:848:000000000-K2NBK:1:2107:5344:16455;size=1	OTU_34	99.3	142	1	0	1	142	1	142	-1	0
M01498:848:000000000-K2NBK:1:2107:6489:18601;size=1	OTU_3	99.3	142	1	0	1	142	1	142	-1	0
M01498:848:000000000-K2NBK:1:2108:10921:28035;size=1	OTU_81	97.9	142	3	0	1	142	1	142	-1	0
M01498:848:000000000-K2NBK:1:2107:6809:21222;size=1	OTU_253	97.9	142	3	0	1	142	1	142	-1	0
M01498:848:000000000-K2NBK:1:2107:8809:7281;size=1	OTU_85	100.0	142	0	0	1	142	1	142	-1	0
M01498:848:000000000-K2NBK:1:2108:11705:21911;size=1	OTU_26	100.0	141	0	0	1	141	1	142	-1	0
M01498:848:000000000-K2NBK:1:2108:11292:26418;size=1	OTU_26	99.3	142	1	0	1	142	1	142	-1	0
M01498:848:000000000-K2NBK:1:2107:20249:17909;size=1	OTU_95	99.3	142	1	0	1	142	1	142	-1	0
M01498:848:000000000-K2NBK:1:2107:17428:16150;size=1	OTU_80	97.9	142	3	0	1	142	1	142	-1	0
M01498:848:000000000-K2NBK:1:2108:12920:3567;size=1	OTU_278	99.3	142	1	0	1	142	1	142	-1	0
M01498:848:000000000-K2NBK:1:2108:12919:14108;size=1	OTU_61	99.3	142	1	0	1	142	1	142	-1	0
M01498:848:000000000-K2NBK:1:2108:12439:15248;size=1	OTU_299	98.6	142	2	0	1	142	1	142	-1	0
M01498:848:000000000-K2NBK:1:2108:14463:11872;size=1	OTU_99	99.3	142	1	0	1	142	1	142	-1	0
M01498:848:000000000-K2NBK:1:2108:13455:14328;size=1	OTU_61	99.3	142	1	0	1	142	1	142	-1	0
M01498:848:000000000-K2NBK:1:2108:13588:3634;size=1	OTU_130	99.3	142	1	0	1	142	1	142	-1	0
M01498:848:000000000-K2NBK:1:2108:14527:10477;size=1	OTU_26	98.6	142	2	0	1	142	1	142	-1	0
M01498:848:000000000-K2NBK:1:2108:15872:16356;size=1	OTU_32	99.3	142	1	0	1	142	1	142	-1	0
M01498:848:000000000-K2NBK:1:2108:15657:4821;size=1	OTU_61	99.3	142	1	0	1	142	1	142	-1	0
M01498:848:000000000-K2NBK:1:2108:15500:7660;size=1	OTU_34	97.9	142	3	0	1	142	1	142	-1	0
M01498:848:000000000-K2NBK:1:2108:16264:2492;size=1	OTU_101	98.6	142	2	0	1	142	1	142	-1	0
M01498:848:000000000-K2NBK:1:2108:15637:20357;size=1	OTU_26	98.6	142	2	0	1	142	1	142	-1	0
M01498:848:000000000-K2NBK:1:2108:17016:9596;size=1	OTU_130	99.3	142	1	0	1	142	1	142	-1	0
M01498:848:000000000-K2NBK:1:2108:18528:3974;size=1	OTU_124	99.3	140	1	0	1	141	1	140	-1	0
M01498:848:000000000-K2NBK:1:2108:19804:7244;size=1	OTU_3	99.3	142	1	0	1	142	1	142	-1	0
M01498:848:000000000-K2NBK:1:2108:21626:10521;size=1	OTU_26	98.6	142	2	0	1	142	1	142	-1	0
M01498:848:000000000-K2NBK:1:2108:12176:6560;size=1	OTU_75	99.3	142	1	0	1	142	1	142	-1	0
M01498:848:000000000-K2NBK:1:2108:21662:26568;size=1	OTU_20	97.2	142	4	0	1	142	1	142	-1	0
M01498:848:000000000-K2NBK:1:2108:25820:21064;size=1	OTU_81	99.3	141	1	0	1	141	1	142	-1	0
M01498:848:000000000-K2NBK:1:2108:27908:19779;size=1	OTU_21	97.9	142	3	0	1	142	1	142	-1	0
M01498:848:000000000-K2NBK:1:2108:28638:13579;size=1	OTU_20	97.2	142	4	0	1	142	1	142	-1	0
M01498:848:000000000-K2NBK:1:2108:29587:13932;size=1	OTU_34	97.2	142	4	0	1	142	1	142	-1	0
M01498:848:000000000-K2NBK:1:2108:3834:20579;size=1	OTU_41	99.3	142	1	0	1	142	1	142	-1	0
M01498:848:000000000-K2NBK:1:2108:5480:10163;size=1	OTU_32	98.6	142	2	0	1	142	1	142	-1	0
M01498:848:000000000-K2NBK:1:2108:24070:7743;size=1	OTU_66	100.0	141	0	0	1	141	1	142	-1	0
M01498:848:000000000-K2NBK:1:2108:5971:15671;size=1	OTU_138	99.3	142	1	0	1	142	1	142	-1	0
M01498:848:000000000-K2NBK:1:2108:7014:17101;size=1	OTU_315	97.9	142	3	0	1	142	1	142	-1	0
M01498:848:000000000-K2NBK:1:2108:8086:12281;size=1	OTU_93	99.3	142	1	0	1	142	1	142	-1	0
M01498:848:000000000-K2NBK:1:2108:8221:14655;size=1	OTU_58	99.3	142	1	0	1	142	1	142	-1	0
M01498:848:000000000-K2NBK:1:2108:7405:11813;size=1	OTU_93	99.3	142	1	0	1	142	1	142	-1	0
M01498:848:000000000-K2NBK:1:2108:9290:12401;size=1	OTU_99	98.6	142	2	0	1	142	1	142	-1	0
M01498:848:000000000-K2NBK:1:2108:9561:4591;size=1	OTU_209	99.3	141	1	0	1	141	1	142	-1	0
M01498:848:000000000-K2NBK:1:2109:11039:20897;size=1	OTU_21	99.3	142	1	0	1	142	1	142	-1	0
M01498:848:000000000-K2NBK:1:2108:9619:26701;size=1	OTU_138	99.3	142	1	0	1	142	1	142	-1	0
M01498:848:000000000-K2NBK:1:2109:13643:26269;size=1	OTU_138	97.9	142	3	0	1	142	1	142	-1	0
M01498:848:000000000-K2NBK:1:2109:24858:19338;size=1	OTU_188	97.9	142	3	0	1	142	1	142	-1	0
M01498:848:000000000-K2NBK:1:2109:22761:9469;size=1	OTU_4	99.3	142	1	0	1	142	1	142	-1	0
M01498:848:000000000-K2NBK:1:2109:26917:22298;size=1	OTU_81	97.9	142	3	0	1	142	1	142	-1	0
M01498:848:000000000-K2NBK:1:2109:6576:19003;size=1	OTU_26	99.3	142	1	0	1	142	1	142	-1	0
M01498:848:000000000-K2NBK:1:2109:4943:15575;size=1	OTU_61	99.3	142	1	0	1	142	1	142	-1	0
M01498:848:000000000-K2NBK:1:2109:9992:18284;size=1	OTU_26	98.6	142	2	0	1	142	1	142	-1	0
M01498:848:000000000-K2NBK:1:2109:7760:18499;size=1	OTU_93	99.3	142	1	0	1	142	1	142	-1	0
M01498:848:000000000-K2NBK:1:2110:11389:28059;size=1	OTU_21	97.2	142	4	0	1	142	1	142	-1	0
M01498:848:000000000-K2NBK:1:2110:12400:6081;size=1	OTU_319	98.6	142	2	0	1	142	1	142	-1	0
M01498:848:000000000-K2NBK:1:2110:12423:15306;size=1	OTU_93	98.6	142	2	0	1	142	1	142	-1	0
M01498:848:000000000-K2NBK:1:2110:15992:23210;size=1	OTU_22	98.6	142	2	0	1	142	1	142	-1	0
M01498:848:000000000-K2NBK:1:2110:17085:15924;size=1	OTU_140	99.3	142	1	0	1	142	1	142	-1	0
M01498:848:000000000-K2NBK:1:2110:20801:19934;size=1	OTU_50	100.0	141	0	0	1	141	1	142	-1	0
M01498:848:000000000-K2NBK:1:2110:18521:4917;size=1	OTU_66	99.3	142	1	0	1	142	1	142	-1	0
M01498:848:000000000-K2NBK:1:2110:20865:15065;size=1	OTU_13	97.9	142	3	0	1	142	1	142	-1	0
M01498:848:000000000-K2NBK:1:2110:21729:20922;size=1	OTU_81	97.2	142	4	0	1	142	1	142	-1	0
M01498:848:000000000-K2NBK:1:2110:22308:27101;size=1	OTU_3	97.9	142	3	0	1	142	1	142	-1	0
M01498:848:000000000-K2NBK:1:2110:22614:3553;size=1	OTU_10	99.3	140	1	0	1	140	1	141	-1	0
M01498:848:000000000-K2NBK:1:2110:6437:9664;size=1	OTU_5	99.3	142	1	0	1	142	1	142	-1	0
M01498:848:000000000-K2NBK:1:2110:27743:9242;size=1	OTU_8	98.6	142	2	0	1	142	1	142	-1	0
M01498:848:000000000-K2NBK:1:2110:9307:9589;size=1	OTU_66	99.3	142	1	0	1	142	1	142	-1	0
M01498:848:000000000-K2NBK:1:2111:11571:6124;size=1	OTU_209	99.3	141	1	0	1	141	1	142	-1	0
M01498:848:000000000-K2NBK:1:2111:16156:5807;size=1	OTU_1	99.3	140	1	0	1	140	1	142	-1	0
M01498:848:000000000-K2NBK:1:2111:17145:28689;size=1	OTU_3	98.6	142	2	0	1	142	1	142	-1	0
M01498:848:000000000-K2NBK:1:2111:11678:12272;size=1	OTU_20	97.2	142	4	0	1	142	1	142	-1	0
M01498:848:000000000-K2NBK:1:2111:18196:14452;size=1	OTU_20	97.2	142	4	0	1	142	1	142	-1	0
M01498:848:000000000-K2NBK:1:2111:17150:19885;size=1	OTU_138	99.3	142	1	0	1	142	1	142	-1	0
M01498:848:000000000-K2NBK:1:2111:19276:18245;size=1	OTU_49	99.3	142	1	0	1	142	1	142	-1	0
M01498:848:000000000-K2NBK:1:2111:19818:25074;size=1	OTU_150	99.3	142	1	0	1	142	1	142	-1	0
M01498:848:000000000-K2NBK:1:2111:23401:21398;size=1	OTU_42	98.6	142	2	0	1	142	1	142	-1	0
M01498:848:000000000-K2NBK:1:2111:25159:16102;size=1	OTU_99	97.9	142	3	0	1	142	1	142	-1	0
M01498:848:000000000-K2NBK:1:2111:27394:8300;size=1	OTU_186	99.3	142	1	0	1	142	1	142	-1	0
M01498:848:000000000-K2NBK:1:2111:2903:10075;size=1	OTU_193	99.3	142	1	0	1	142	1	142	-1	0
M01498:848:000000000-K2NBK:1:2111:3786:20409;size=1	OTU_319	98.6	142	2	0	1	142	1	142	-1	0
M01498:848:000000000-K2NBK:1:2111:7671:22453;size=1	OTU_22	98.6	142	2	0	1	142	1	142	-1	0
M01498:848:000000000-K2NBK:1:2111:9471:4921;size=1	OTU_20	97.2	143	3	1	1	143	1	142	-1	0
M01498:848:000000000-K2NBK:1:2111:9612:8277;size=1	OTU_130	99.3	142	1	0	1	142	1	142	-1	0
M01498:848:000000000-K2NBK:1:2112:10829:3990;size=1	OTU_26	98.6	142	2	0	1	142	1	142	-1	0
M01498:848:000000000-K2NBK:1:2112:11932:5400;size=1	OTU_26	99.3	142	1	0	1	143	1	142	-1	0
M01498:848:000000000-K2NBK:1:2112:14853:28015;size=1	OTU_66	99.3	142	1	0	1	142	1	142	-1	0
M01498:848:000000000-K2NBK:1:2112:16641:17827;size=1	OTU_1	99.3	141	1	0	1	141	1	142	-1	0
M01498:848:000000000-K2NBK:1:2112:20095:13734;size=1	OTU_99	97.9	142	3	0	1	142	1	142	-1	0
M01498:848:000000000-K2NBK:1:2112:17278:16286;size=1	OTU_73	100.0	142	0	0	1	142	1	142	-1	0
M01498:848:000000000-K2NBK:1:2112:21015:23802;size=1	OTU_32	98.6	142	2	0	1	142	1	142	-1	0
M01498:848:000000000-K2NBK:1:2112:20716:27989;size=1	OTU_20	97.2	142	4	0	1	142	1	142	-1	0
M01498:848:000000000-K2NBK:1:2112:20812:13596;size=1	OTU_26	98.6	142	2	0	1	142	1	142	-1	0
M01498:848:000000000-K2NBK:1:2112:21562:11063;size=1	OTU_61	99.3	142	1	0	1	142	1	142	-1	0
M01498:848:000000000-K2NBK:1:2112:22227:18084;size=1	OTU_209	99.3	140	1	0	1	140	1	142	-1	0
M01498:848:000000000-K2NBK:1:2111:9540:10234;size=1	OTU_352	100.0	142	0	0	1	142	1	142	-1	0
M01498:848:000000000-K2NBK:1:2112:22270:9414;size=1	OTU_20	97.2	142	4	0	1	142	1	142	-1	0
M01498:848:000000000-K2NBK:1:2112:22950:14882;size=1	OTU_20	97.2	142	4	0	1	143	1	142	-1	0
M01498:848:000000000-K2NBK:1:2112:25613:15175;size=1	OTU_38	97.9	142	3	0	1	142	1	142	-1	0
M01498:848:000000000-K2NBK:1:2112:23941:19151;size=1	OTU_26	99.3	142	1	0	1	142	1	142	-1	0
M01498:848:000000000-K2NBK:1:2112:24842:8708;size=1	OTU_26	99.3	142	1	0	1	143	1	142	-1	0
M01498:848:000000000-K2NBK:1:2112:25643:23697;size=1	OTU_182	98.6	142	2	0	1	142	1	142	-1	0
M01498:848:000000000-K2NBK:1:2112:25695:16150;size=1	OTU_61	99.3	142	1	0	1	142	1	142	-1	0
M01498:848:000000000-K2NBK:1:2112:27405:18762;size=1	OTU_20	97.2	142	4	0	1	142	1	142	-1	0
M01498:848:000000000-K2NBK:1:2112:6885:18672;size=1	OTU_93	98.6	142	2	0	1	142	1	142	-1	0
M01498:848:000000000-K2NBK:1:2112:7549:17554;size=1	OTU_80	99.3	142	1	0	1	142	1	142	-1	0
M01498:848:000000000-K2NBK:1:2112:28409:10253;size=1	OTU_190	100.0	142	0	0	1	142	1	142	-1	0
M01498:848:000000000-K2NBK:1:2113:12001:20278;size=1	OTU_26	99.3	142	1	0	1	142	1	142	-1	0
M01498:848:000000000-K2NBK:1:2113:11976:12586;size=1	OTU_130	99.3	142	1	0	1	142	1	142	-1	0
M01498:848:000000000-K2NBK:1:2112:26866:10959;size=1	OTU_35	99.3	142	1	0	1	142	1	142	-1	0
M01498:848:000000000-K2NBK:1:2113:14217:12580;size=1	OTU_26	99.3	142	1	0	1	142	1	142	-1	0
M01498:848:000000000-K2NBK:1:2113:14845:24935;size=1	OTU_32	99.3	142	1	0	1	142	1	142	-1	0
M01498:848:000000000-K2NBK:1:2113:18146:23408;size=1	OTU_124	99.3	140	1	0	1	142	1	140	-1	0
M01498:848:000000000-K2NBK:1:2113:19286:10680;size=1	OTU_3	98.6	142	2	0	1	142	1	142	-1	0
M01498:848:000000000-K2NBK:1:2113:16113:19830;size=1	OTU_22	98.6	142	2	0	1	142	1	142	-1	0
M01498:848:000000000-K2NBK:1:2113:19484:27749;size=1	OTU_20	97.2	142	4	0	1	142	1	142	-1	0
M01498:848:000000000-K2NBK:1:2113:20432:17851;size=1	OTU_130	99.3	142	1	0	1	142	1	142	-1	0
M01498:848:000000000-K2NBK:1:2113:21882:3934;size=1	OTU_20	97.2	142	4	0	1	142	1	142	-1	0
M01498:848:000000000-K2NBK:1:2113:22443:14156;size=1	OTU_26	99.3	142	0	1	1	141	1	142	-1	0
M01498:848:000000000-K2NBK:1:2113:26187:12378;size=1	OTU_66	97.9	142	3	0	1	142	1	142	-1	0
M01498:848:000000000-K2NBK:1:2113:28199:14026;size=1	OTU_26	99.3	142	1	0	1	142	1	142	-1	0
M01498:848:000000000-K2NBK:1:2113:26890:8182;size=1	OTU_20	97.2	142	4	0	1	142	1	142	-1	0
M01498:848:000000000-K2NBK:1:2113:7461:25768;size=1	OTU_21	98.6	141	2	0	1	141	1	142	-1	0
M01498:848:000000000-K2NBK:1:2113:24730:14063;size=1	OTU_26	98.6	142	2	0	1	142	1	142	-1	0
M01498:848:000000000-K2NBK:1:2113:8103:21532;size=1	OTU_93	99.3	142	1	0	1	142	1	142	-1	0
M01498:848:000000000-K2NBK:1:2113:9608:27870;size=1	OTU_319	98.6	142	2	0	1	142	1	142	-1	0
M01498:848:000000000-K2NBK:1:2113:8267:16460;size=1	OTU_186	99.3	142	1	0	1	142	1	142	-1	0
M01498:848:000000000-K2NBK:1:2113:9318:13288;size=1	OTU_99	97.2	142	4	0	1	142	1	142	-1	0
M01498:848:000000000-K2NBK:1:2113:9700:11538;size=1	OTU_81	97.2	142	4	0	1	142	1	142	-1	0
M01498:848:000000000-K2NBK:1:2114:10890:15878;size=1	OTU_10	99.3	141	1	0	1	141	1	141	-1	0
M01498:848:000000000-K2NBK:1:2114:14805:9857;size=1	OTU_319	99.3	142	1	0	1	143	1	142	-1	0
M01498:848:000000000-K2NBK:1:2114:14103:2025;size=1	OTU_88	99.3	142	1	0	1	142	1	142	-1	0
M01498:848:000000000-K2NBK:1:2114:13029:2691;size=1	OTU_26	99.3	142	1	0	1	142	1	142	-1	0
M01498:848:000000000-K2NBK:1:2114:15154:18973;size=1	OTU_26	99.3	142	1	0	1	142	1	142	-1	0
M01498:848:000000000-K2NBK:1:2114:14957:2349;size=1	OTU_20	97.2	142	3	1	1	141	1	142	-1	0
M01498:848:000000000-K2NBK:1:2114:15909:14909;size=1	OTU_21	98.6	142	2	0	1	142	1	142	-1	0
M01498:848:000000000-K2NBK:1:2114:18487:28373;size=1	OTU_426	97.2	141	4	0	1	142	1	141	-1	0
M01498:848:000000000-K2NBK:1:2114:18612:24633;size=1	OTU_79	99.3	142	1	0	1	142	1	142	-1	0
M01498:848:000000000-K2NBK:1:2114:18647:8551;size=1	OTU_20	97.2	142	4	0	1	142	1	142	-1	0
M01498:848:000000000-K2NBK:1:2113:24621:17714;size=1	OTU_34	99.3	142	1	0	1	142	1	142	-1	0
M01498:848:000000000-K2NBK:1:2114:20140:13024;size=1	OTU_166	99.3	142	1	0	1	142	1	142	-1	0
M01498:848:000000000-K2NBK:1:2114:20887:26304;size=1	OTU_19	99.3	142	1	0	1	142	1	142	-1	0
M01498:848:000000000-K2NBK:1:2114:21640:6654;size=1	OTU_45	99.3	142	1	0	1	142	1	142	-1	0
M01498:848:000000000-K2NBK:1:2114:22654:3434;size=1	OTU_26	98.6	142	2	0	1	142	1	142	-1	0
M01498:848:000000000-K2NBK:1:2114:23236:17570;size=1	OTU_93	99.3	142	1	0	1	142	1	142	-1	0
M01498:848:000000000-K2NBK:1:2114:20419:10542;size=1	OTU_3	98.6	142	2	0	1	142	1	142	-1	0
M01498:848:000000000-K2NBK:1:2114:25265:20678;size=1	OTU_124	99.3	140	1	0	1	141	1	140	-1	0
M01498:848:000000000-K2NBK:1:2114:5616:20955;size=1	OTU_66	99.3	142	1	0	1	142	1	142	-1	0
M01498:848:000000000-K2NBK:1:2114:24584:8717;size=1	OTU_21	97.2	142	4	0	1	142	1	142	-1	0
M01498:848:000000000-K2NBK:1:2114:28573:19530;size=1	OTU_101	99.3	142	1	0	1	142	1	142	-1	0
M01498:848:000000000-K2NBK:1:2114:7652:9339;size=1	OTU_20	97.2	142	4	0	1	142	1	142	-1	0
M01498:848:000000000-K2NBK:1:2114:4677:16719;size=1	OTU_188	97.2	142	4	0	1	142	1	142	-1	0
M01498:848:000000000-K2NBK:1:2114:4106:19751;size=1	OTU_26	98.6	142	2	0	1	142	1	142	-1	0
M01498:848:000000000-K2NBK:1:2114:19975:12010;size=1	OTU_79	97.2	142	4	0	1	142	1	142	-1	0
M01498:848:000000000-K2NBK:1:2114:9090:17794;size=1	OTU_99	99.3	142	1	0	1	142	1	142	-1	0
